0.6875
0.6875
1.375
2.0625
2.0625
1.75
1.75
2.4375
3.125
3.8125
3.5
4.1875
4.875
5.5625
5.5625
5.5625
6.25
6.9375
7.625
7.625
7.625
7.625
7.625
8.3125
8.3125
8.0
8.0
8.6875
8.6875
8.6875
8.6875
8.6875
9.375
9.375
9.375
9.375
10.0625
10.75
10.4375
11.125
10.8125
11.5
11.5
12.1875
12.875
13.5625
13.5625
13.5625
14.25
14.9375
14.9375
14.9375
15.625
16.3125
16.3125
17.0
17.6875
17.375
17.375
17.375
17.0625
17.0625
17.0625
17.75
18.4375
19.125
19.125
19.125
19.125
18.8125
19.5
20.1875
19.875
20.5625
20.25
20.25
20.9375
21.625
22.3125
22.0
22.6875
22.6875
23.375
23.0625
23.0625
23.0625
23.75
23.75
23.4375
23.4375
24.125
24.8125
25.5
25.1875
25.1875
24.875
24.5625
24.5625
24.5625
25.25
25.25
25.25
24.9375
24.9375
24.9375
24.9375
24.625
24.625
24.625
25.3125
26.0
26.0
26.0
26.0
26.0
26.6875
27.375
28.0625
28.0625
28.75
29.4375
30.125
30.125
30.125
29.8125
29.8125
30.5
31.1875
31.1875
31.1875
31.1875
31.1875
31.1875
31.1875
31.875
31.5625
32.25
32.25
32.25
32.9375
33.625
33.625
34.3125
35.0
34.6875
35.375
36.0625
36.75
36.75
36.75
36.4375
36.4375
36.4375
36.4375
36.4375
36.4375
36.4375
37.125
37.8125
38.5
39.1875
39.1875
39.1875
39.1875
39.875
40.5625
40.5625
40.5625
40.25
40.25
40.25
40.25
40.25
39.9375
39.625
40.3125
41.0
40.6875
40.6875
40.375
40.375
40.375
41.0625
41.75
42.4375
42.4375
43.125
43.8125
43.8125
44.5
44.5
44.1875
44.1875
43.875
43.875
43.875
44.5625
44.5625
44.5625
44.5625
44.5625
44.25
44.25
44.9375
45.625
45.625
45.625
45.625
45.625
45.3125
46.0
46.6875
46.6875
47.375
48.0625
47.75
48.4375
48.4375
48.4375
49.125
49.8125
50.5
50.5
51.1875
50.875
50.875
50.5625
50.25
50.9375
50.625
51.3125
51.3125
51.3125
51.3125
52.0
52.6875
53.375
53.375
53.375
53.375
53.375
53.375
53.375
53.375
53.375
53.375
53.375
53.375
53.375
53.375
54.0625
54.75
54.75
54.75
54.75
54.75
55.4375
55.4375
55.4375
55.4375
56.125
56.125
55.8125
55.8125
55.8125
55.8125
56.5
56.5
56.5
57.1875
57.875
57.875
58.5625
59.25
58.9375
59.625
59.3125
60.0
60.6875
61.375
61.375
61.375
62.0625
62.75
63.4375
63.125
63.8125
63.5
64.1875
64.875
64.875
64.875
64.5625
64.5625
65.25
65.25
65.25
65.9375
66.625
67.3125
68.0
68.6875
68.6875
69.375
70.0625
70.75
71.4375
71.4375
71.4375
71.125
71.8125
72.5
72.1875
72.1875
71.875
71.875
71.875
72.5625
73.25
72.9375
73.625
73.625
73.625
73.625
74.3125
74.3125
74.0
74.6875
74.6875
74.6875
75.375
75.375
75.0625
75.0625
75.0625
75.0625
75.0625
75.0625
75.0625
75.75
76.4375
76.4375
76.4375
76.125
76.125
75.8125
75.8125
76.5
77.1875
77.875
78.5625
79.25
79.25
79.25
78.9375
78.9375
79.625
79.625
79.625
79.625
80.3125
80.3125
81.0
81.0
81.0
81.0
81.0
81.0
81.0
81.0
80.6875
80.6875
80.6875
81.375
81.375
81.0625
81.0625
81.0625
81.0625
81.0625
81.75
82.4375
83.125
83.125
83.8125
84.5
84.5
84.5
85.1875
85.875
85.5625
86.25
86.25
86.9375
87.625
88.3125
88.3125
88.3125
88.3125
88.3125
88.3125
88.3125
89.0
89.0
89.0
89.0
89.0
89.0
89.0
89.6875
90.375
91.0625
91.0625
91.75
92.4375
92.4375
92.4375
92.4375
92.4375
92.4375
92.4375
92.4375
92.4375
92.4375
92.4375
92.4375
92.4375
92.4375
92.4375
92.4375
92.4375
92.4375
92.4375
93.125
93.8125
93.8125
93.8125
94.5
95.1875
95.1875
95.875
96.5625
96.25
96.9375
96.9375
97.625
98.3125
98.3125
98.0
98.0
98.0
98.6875
98.6875
98.6875
99.375
100.0625
100.0625
99.75
99.75
99.75
100.4375
101.125
101.125
101.125
101.125
101.8125
102.5
102.5
103.1875
103.875
103.875
103.875
103.5625
104.25
104.9375
104.9375
104.9375
104.9375
104.9375
104.9375
104.625
105.3125
106.0
106.0
106.6875
107.375
107.375
107.375
107.375
108.0625
108.75
108.4375
109.125
109.125
109.125
109.125
109.8125
110.5
110.5
110.5
110.5
110.1875
110.1875
109.875
109.875
109.875
110.5625
110.5625
110.5625
110.5625
110.5625
110.5625
110.5625
110.5625
110.5625
110.5625
111.25
111.25
111.25
111.25
111.25
111.9375
111.9375
111.9375
112.625
113.3125
114.0
113.6875
114.375
114.375
114.0625
114.0625
114.0625
114.0625
114.0625
114.0625
114.0625
114.75
115.4375
116.125
115.8125
116.5
117.1875
117.875
117.875
118.5625
119.25
119.25
119.9375
120.625
120.625
120.625
120.625
120.625
120.625
120.625
120.625
120.625
120.3125
120.3125
120.3125
120.3125
121.0
121.0
121.0
121.0
121.6875
122.375
122.375
122.375
122.375
123.0625
123.75
124.4375
124.4375
125.125
125.125
124.8125
124.5
125.1875
125.875
126.5625
127.25
127.9375
128.625
129.3125
129.3125
130.0
130.6875
131.375
132.0625
132.0625
132.0625
132.75
132.75
132.4375
132.4375
132.4375
132.125
132.125
132.125
132.125
132.8125
132.8125
132.8125
132.8125
132.8125
132.8125
132.8125
132.8125
132.8125
133.5
134.1875
134.875
134.875
134.875
134.875
134.5625
135.25
135.9375
136.625
136.625
136.625
136.3125
136.3125
136.3125
136.0
136.0
136.0
136.6875
137.375
138.0625
138.0625
138.0625
138.0625
138.0625
138.0625
138.75
139.4375
139.4375
139.125
139.125
139.125
139.125
139.125
139.125
139.8125
140.5
140.5
140.1875
140.1875
140.1875
140.1875
140.1875
139.875
140.5625
141.25
141.9375
142.625
143.3125
144.0
143.6875
143.6875
143.6875
143.6875
144.375
145.0625
145.75
146.4375
147.125
147.8125
147.5
148.1875
148.1875
148.875
149.5625
150.25
150.25
150.25
150.25
149.9375
149.9375
149.9375
150.625
151.3125
151.3125
151.3125
151.3125
152.0
152.6875
153.375
153.375
154.0625
154.75
154.75
154.75
155.4375
156.125
156.125
156.8125
157.5
158.1875
158.875
158.5625
159.25
159.25
159.25
158.9375
158.9375
158.9375
158.9375
158.9375
158.9375
158.9375
158.625
159.3125
160.0
160.6875
160.6875
161.375
162.0625
162.0625
162.75
163.4375
163.125
163.8125
164.5
164.5
165.1875
165.875
166.5625
167.25
167.9375
167.9375
168.625
169.3125
169.3125
169.3125
169.3125
170.0
170.6875
170.375
170.375
170.375
170.375
170.375
171.0625
171.0625
171.0625
170.75
170.75
170.75
170.75
171.4375
172.125
171.8125
172.5
172.5
172.1875
172.1875
172.1875
172.1875
172.1875
172.875
172.875
172.5625
172.5625
173.25
173.9375
174.625
174.625
174.625
174.625
174.625
175.3125
176.0
176.6875
177.375
177.375
177.0625
177.0625
177.75
177.75
178.4375
179.125
179.8125
180.5
180.5
181.1875
181.875
182.5625
182.5625
182.25
181.9375
181.9375
182.625
182.625
182.625
183.3125
184.0
184.0
184.0
184.0
184.6875
184.6875
184.375
184.375
184.0625
184.0625
184.75
184.75
185.4375
185.4375
186.125
186.125
186.8125
187.5
187.5
187.5
187.5
187.5
187.5
187.5
188.1875
188.875
188.875
188.5625
188.5625
188.5625
188.5625
188.5625
188.5625
188.5625
189.25
189.9375
189.9375
189.9375
190.625
190.625
190.625
190.625
191.3125
191.0
190.6875
191.375
191.0625
191.75
191.75
191.75
192.4375
193.125
192.8125
192.8125
192.8125
192.8125
193.5
194.1875
194.875
194.875
194.875
194.5625
194.25
194.9375
194.9375
194.9375
195.625
196.3125
197.0
197.6875
198.375
198.0625
197.75
197.75
198.4375
199.125
198.8125
198.8125
199.5
200.1875
200.1875
200.1875
200.1875
200.875
201.5625
201.5625
201.5625
201.5625
201.5625
201.5625
201.25
201.25
201.25
201.25
201.9375
202.625
202.625
202.3125
202.3125
202.3125
202.3125
202.3125
203.0
203.6875
203.375
203.375
203.375
204.0625
204.0625
204.75
204.75
204.75
204.75
204.75
204.75
204.4375
205.125
205.8125
205.8125
205.5
205.5
205.5
205.5
205.5
205.5
206.1875
206.1875
205.875
206.5625
207.25
207.9375
208.625
208.625
209.3125
210.0
210.0
210.0
210.6875
211.375
212.0625
212.75
212.75
213.4375
214.125
214.125
213.8125
213.5
214.1875
214.1875
214.875
214.875
214.875
215.5625
216.25
216.25
216.25
216.25
216.25
215.9375
215.9375
215.9375
216.625
217.3125
218.0
218.6875
218.375
218.375
218.375
218.375
218.375
219.0625
219.75
220.4375
220.4375
220.4375
220.4375
220.4375
220.4375
221.125
221.125
221.125
221.125
221.125
221.8125
222.5
223.1875
223.875
223.875
224.5625
225.25
224.9375
225.625
226.3125
226.3125
226.3125
227.0
