-0.3125
-0.3125
-0.625
0.0625
0.0625
-0.25
-0.25
0.4375
0.125
0.8125
1.5
2.1875
2.875
2.5625
2.5625
2.5625
2.25
1.9375
1.625
1.625
1.625
1.625
1.625
1.3125
1.3125
1.0
1.0
0.6875
0.6875
0.6875
0.6875
0.6875
0.375
0.375
0.375
0.375
1.0625
1.75
2.4375
3.125
2.8125
2.5
2.5
2.1875
1.875
1.5625
1.5625
1.5625
1.25
0.9375
0.9375
0.9375
0.625
0.3125
0.3125
0.0
-0.3125
0.375
0.375
0.375
0.0625
0.0625
0.0625
-0.25
0.4375
0.125
0.125
0.125
0.125
-0.1875
-0.5
-0.8125
-1.125
-0.4375
-0.75
-0.75
-1.0625
-1.375
-0.6875
0.0
0.6875
0.6875
0.375
0.0625
0.0625
0.0625
-0.25
-0.25
-0.5625
-0.5625
-0.875
-1.1875
-0.5
0.1875
0.1875
-0.125
-0.4375
-0.4375
-0.4375
-0.75
-0.75
-0.75
-1.0625
-1.0625
-1.0625
-1.0625
-1.375
-1.375
-1.375
-1.6875
-1.0
-1.0
-1.0
-1.0
-1.0
-1.3125
-1.625
-1.9375
-1.9375
-1.25
-0.5625
-0.875
-0.875
-0.875
-0.1875
-0.1875
0.5
0.1875
0.1875
0.1875
0.1875
0.1875
0.1875
0.1875
-0.125
-0.4375
-0.75
-0.75
-0.75
-0.0625
0.625
0.625
0.3125
0.0
0.6875
1.375
2.0625
1.75
1.75
1.75
1.4375
1.4375
1.4375
1.4375
1.4375
1.4375
1.4375
2.125
1.8125
1.5
1.1875
1.1875
1.1875
1.1875
1.875
1.5625
1.5625
1.5625
2.25
2.25
2.25
2.25
2.25
1.9375
1.625
2.3125
2.0
1.6875
1.6875
1.375
1.375
1.375
1.0625
1.75
1.4375
1.4375
2.125
2.8125
2.8125
3.5
3.5
3.1875
3.1875
2.875
2.875
2.875
2.5625
2.5625
2.5625
2.5625
2.5625
2.25
2.25
1.9375
1.625
1.625
1.625
1.625
1.625
1.3125
1.0
0.6875
0.6875
0.375
0.0625
0.75
1.4375
1.4375
1.4375
1.125
0.8125
0.5
0.5
1.1875
0.875
0.875
0.5625
0.25
-0.0625
-0.375
-0.6875
-0.6875
-0.6875
-0.6875
-1.0
-0.3125
-0.625
-0.625
-0.625
-0.625
-0.625
-0.625
-0.625
-0.625
-0.625
-0.625
-0.625
-0.625
-0.625
-0.625
-0.9375
-0.25
-0.25
-0.25
-0.25
-0.25
-0.5625
-0.5625
-0.5625
-0.5625
-0.875
-0.875
-0.1875
-0.1875
-0.1875
-0.1875
-0.5
-0.5
-0.5
-0.8125
-1.125
-1.125
-0.4375
0.25
-0.0625
0.625
0.3125
0.0
0.6875
0.375
0.375
0.375
1.0625
1.75
1.4375
2.125
2.8125
2.5
2.1875
2.875
2.875
2.875
2.5625
2.5625
3.25
3.25
3.25
2.9375
2.625
2.3125
2.0
1.6875
1.6875
2.375
3.0625
3.75
3.4375
3.4375
3.4375
4.125
4.8125
4.5
4.1875
4.1875
3.875
3.875
3.875
3.5625
4.25
3.9375
4.625
4.625
4.625
4.625
4.3125
4.3125
5.0
5.6875
5.6875
5.6875
5.375
5.375
5.0625
5.0625
5.0625
5.0625
5.0625
5.0625
5.0625
4.75
4.4375
4.4375
4.4375
4.125
4.125
3.8125
3.8125
4.5
4.1875
4.875
4.5625
4.25
4.25
4.25
3.9375
3.9375
4.625
4.625
4.625
4.625
5.3125
5.3125
5.0
5.0
5.0
5.0
5.0
5.0
5.0
5.0
4.6875
4.6875
4.6875
4.375
4.375
4.0625
4.0625
4.0625
4.0625
4.0625
3.75
3.4375
3.125
3.125
3.8125
4.5
4.5
4.5
4.1875
3.875
3.5625
4.25
4.25
3.9375
4.625
5.3125
5.3125
5.3125
5.3125
5.3125
5.3125
5.3125
5.0
5.0
5.0
5.0
5.0
5.0
5.0
4.6875
5.375
5.0625
5.0625
5.75
6.4375
6.4375
6.4375
6.4375
6.4375
6.4375
6.4375
6.4375
6.4375
6.4375
6.4375
6.4375
6.4375
6.4375
6.4375
6.4375
6.4375
6.4375
6.4375
6.125
5.8125
5.8125
5.8125
5.5
5.1875
5.1875
4.875
4.5625
5.25
5.9375
5.9375
5.625
6.3125
6.3125
7.0
7.0
7.0
6.6875
6.6875
6.6875
7.375
7.0625
7.0625
7.75
7.75
7.75
7.4375
7.125
7.125
7.125
7.125
6.8125
6.5
6.5
6.1875
5.875
5.875
5.875
5.5625
5.25
4.9375
4.9375
4.9375
4.9375
4.9375
4.9375
4.625
4.3125
4.0
4.0
3.6875
3.375
3.375
3.375
3.375
4.0625
3.75
3.4375
4.125
4.125
4.125
4.125
4.8125
4.5
4.5
4.5
4.5
5.1875
5.1875
4.875
4.875
4.875
4.5625
4.5625
4.5625
4.5625
4.5625
4.5625
4.5625
4.5625
4.5625
4.5625
4.25
4.25
4.25
4.25
4.25
3.9375
3.9375
3.9375
3.625
3.3125
3.0
3.6875
4.375
4.375
4.0625
4.0625
4.0625
4.0625
4.0625
4.0625
4.0625
4.75
4.4375
4.125
4.8125
5.5
6.1875
5.875
5.875
6.5625
7.25
7.25
6.9375
6.625
6.625
6.625
6.625
6.625
6.625
6.625
6.625
6.625
6.3125
6.3125
6.3125
6.3125
6.0
6.0
6.0
6.0
6.6875
7.375
7.375
7.375
7.375
8.0625
7.75
7.4375
7.4375
8.125
8.125
7.8125
7.5
7.1875
6.875
6.5625
6.25
5.9375
5.625
5.3125
5.3125
6.0
6.6875
7.375
7.0625
7.0625
7.0625
6.75
6.75
6.4375
6.4375
6.4375
6.125
6.125
6.125
6.125
5.8125
5.8125
5.8125
5.8125
5.8125
5.8125
5.8125
5.8125
5.8125
5.5
6.1875
5.875
5.875
5.875
5.875
6.5625
7.25
6.9375
6.625
6.625
6.625
6.3125
6.3125
6.3125
6.0
6.0
6.0
5.6875
5.375
5.0625
5.0625
5.0625
5.0625
5.0625
5.0625
4.75
4.4375
4.4375
5.125
5.125
5.125
5.125
5.125
5.125
4.8125
4.5
4.5
5.1875
5.1875
5.1875
5.1875
5.1875
4.875
4.5625
4.25
3.9375
3.625
3.3125
3.0
2.6875
2.6875
2.6875
2.6875
3.375
3.0625
2.75
2.4375
2.125
1.8125
2.5
3.1875
3.1875
2.875
2.5625
2.25
2.25
2.25
2.25
1.9375
1.9375
1.9375
1.625
1.3125
1.3125
1.3125
1.3125
1.0
0.6875
0.375
0.375
0.0625
-0.25
-0.25
-0.25
0.4375
1.125
1.125
0.8125
0.5
0.1875
-0.125
0.5625
1.25
1.25
1.25
0.9375
0.9375
0.9375
0.9375
0.9375
0.9375
0.9375
0.625
0.3125
0.0
-0.3125
-0.3125
0.375
1.0625
1.0625
0.75
0.4375
1.125
1.8125
2.5
2.5
2.1875
1.875
1.5625
1.25
0.9375
0.9375
1.625
2.3125
2.3125
2.3125
2.3125
3.0
2.6875
2.375
2.375
2.375
2.375
2.375
3.0625
3.0625
3.0625
2.75
2.75
2.75
2.75
2.4375
3.125
3.8125
4.5
4.5
4.1875
4.1875
4.1875
4.1875
4.1875
3.875
3.875
3.5625
3.5625
3.25
2.9375
2.625
2.625
2.625
2.625
2.625
2.3125
2.0
1.6875
1.375
1.375
2.0625
2.0625
1.75
1.75
1.4375
2.125
2.8125
2.5
2.5
2.1875
1.875
1.5625
1.5625
2.25
1.9375
1.9375
2.625
2.625
2.625
2.3125
2.0
2.0
2.0
2.0
2.6875
2.6875
2.375
2.375
2.0625
2.0625
1.75
1.75
1.4375
1.4375
1.125
1.125
0.8125
1.5
1.5
1.5
1.5
1.5
1.5
1.5
2.1875
1.875
1.875
2.5625
2.5625
2.5625
2.5625
2.5625
2.5625
2.5625
2.25
1.9375
1.9375
1.9375
2.625
2.625
2.625
2.625
2.3125
2.0
1.6875
2.375
2.0625
1.75
1.75
1.75
2.4375
3.125
2.8125
2.8125
2.8125
2.8125
2.5
2.1875
2.875
2.875
2.875
2.5625
3.25
3.9375
3.9375
3.9375
4.625
5.3125
5.0
4.6875
4.375
5.0625
5.75
5.75
5.4375
5.125
5.8125
5.8125
5.5
5.1875
5.1875
5.1875
5.1875
4.875
4.5625
4.5625
4.5625
4.5625
4.5625
4.5625
4.25
4.25
4.25
4.25
3.9375
3.625
3.625
4.3125
4.3125
4.3125
4.3125
4.3125
4.0
3.6875
3.375
3.375
3.375
3.0625
3.0625
3.75
3.75
3.75
3.75
3.75
3.75
3.4375
3.125
2.8125
2.8125
2.5
2.5
2.5
2.5
2.5
2.5
2.1875
2.1875
2.875
3.5625
3.25
2.9375
2.625
2.625
3.3125
4.0
4.0
4.0
3.6875
3.375
3.0625
2.75
2.75
3.4375
4.125
4.125
3.8125
4.5
5.1875
5.1875
4.875
4.875
4.875
4.5625
4.25
4.25
4.25
4.25
4.25
3.9375
3.9375
3.9375
3.625
3.3125
4.0
3.6875
4.375
4.375
4.375
4.375
4.375
4.0625
3.75
3.4375
3.4375
3.4375
3.4375
3.4375
3.4375
3.125
3.125
3.125
3.125
3.125
2.8125
2.5
2.1875
1.875
1.875
1.5625
1.25
0.9375
1.625
2.3125
2.3125
2.3125
2.0
