-0.3125
-0.3125
0.375
0.0625
0.0625
-0.25
-0.25
0.4375
0.125
-0.1875
0.5
0.1875
-0.125
-0.4375
-0.4375
-0.4375
-0.75
-1.0625
-1.375
-1.375
-1.375
-1.375
-1.375
-1.6875
-1.6875
-2.0
-2.0
-2.3125
-2.3125
-2.3125
-2.3125
-2.3125
-2.625
-2.625
-2.625
-2.625
-2.9375
-3.25
-2.5625
-2.875
-2.1875
-2.5
-2.5
-2.8125
-3.125
-3.4375
-3.4375
-3.4375
-3.75
-4.0625
-4.0625
-4.0625
-4.375
-4.6875
-4.6875
-5.0
-5.3125
-4.625
-4.625
-4.625
-4.9375
-4.9375
-4.9375
-5.25
-5.5625
-5.875
-5.875
-5.875
-5.875
-6.1875
-6.5
-6.8125
-6.125
-6.4375
-5.75
-5.75
-5.0625
-5.375
-5.6875
-5.0
-5.3125
-5.3125
-5.625
-5.9375
-5.9375
-5.9375
-6.25
-6.25
-6.5625
-6.5625
-5.875
-6.1875
-6.5
-5.8125
-5.8125
-6.125
-6.4375
-6.4375
-6.4375
-6.75
-6.75
-6.75
-7.0625
-7.0625
-7.0625
-7.0625
-7.375
-7.375
-7.375
-7.6875
-8.0
-8.0
-8.0
-8.0
-8.0
-8.3125
-8.625
-8.9375
-8.9375
-9.25
-9.5625
-9.875
-9.875
-9.875
-10.1875
-10.1875
-9.5
-9.8125
-9.8125
-9.8125
-9.8125
-9.8125
-9.8125
-9.8125
-10.125
-9.4375
-9.75
-9.75
-9.75
-10.0625
-10.375
-10.375
-10.6875
-11.0
-10.3125
-10.625
-10.9375
-11.25
-11.25
-11.25
-11.5625
-11.5625
-11.5625
-11.5625
-11.5625
-11.5625
-11.5625
-11.875
-12.1875
-12.5
-12.8125
-12.8125
-12.8125
-12.8125
-13.125
-13.4375
-13.4375
-13.4375
-13.75
-13.75
-13.75
-13.75
-13.75
-14.0625
-14.375
-14.6875
-15.0
-14.3125
-14.3125
-14.625
-14.625
-14.625
-14.9375
-15.25
-15.5625
-15.5625
-14.875
-15.1875
-15.1875
-14.5
-14.5
-14.8125
-14.8125
-15.125
-15.125
-15.125
-15.4375
-15.4375
-15.4375
-15.4375
-15.4375
-15.75
-15.75
-16.0625
-16.375
-16.375
-16.375
-16.375
-16.375
-16.6875
-17.0
-17.3125
-17.3125
-17.625
-17.9375
-17.25
-17.5625
-17.5625
-17.5625
-17.875
-18.1875
-18.5
-18.5
-17.8125
-17.125
-17.125
-17.4375
-17.75
-18.0625
-17.375
-17.6875
-17.6875
-17.6875
-17.6875
-18.0
-18.3125
-18.625
-18.625
-18.625
-18.625
-18.625
-18.625
-18.625
-18.625
-18.625
-18.625
-18.625
-18.625
-18.625
-18.625
-18.9375
-19.25
-19.25
-19.25
-19.25
-19.25
-19.5625
-19.5625
-19.5625
-19.5625
-19.875
-19.875
-20.1875
-20.1875
-20.1875
-20.1875
-20.5
-20.5
-20.5
-20.8125
-21.125
-21.125
-21.4375
-21.75
-21.0625
-21.375
-20.6875
-21.0
-21.3125
-21.625
-21.625
-21.625
-21.9375
-22.25
-22.5625
-21.875
-22.1875
-21.5
-20.8125
-21.125
-21.125
-21.125
-21.4375
-21.4375
-21.75
-21.75
-21.75
-22.0625
-22.375
-22.6875
-23.0
-23.3125
-23.3125
-22.625
-22.9375
-23.25
-23.5625
-23.5625
-23.5625
-23.875
-24.1875
-24.5
-24.8125
-24.8125
-25.125
-25.125
-25.125
-25.4375
-25.75
-25.0625
-25.375
-25.375
-25.375
-25.375
-25.6875
-25.6875
-26.0
-26.3125
-26.3125
-26.3125
-26.625
-26.625
-26.9375
-26.9375
-26.9375
-26.9375
-26.9375
-26.9375
-26.9375
-27.25
-27.5625
-27.5625
-27.5625
-27.875
-27.875
-28.1875
-28.1875
-27.5
-27.8125
-28.125
-28.4375
-28.75
-28.75
-28.75
-29.0625
-29.0625
-28.375
-28.375
-28.375
-28.375
-28.6875
-28.6875
-29.0
-29.0
-29.0
-29.0
-29.0
-29.0
-29.0
-29.0
-29.3125
-29.3125
-29.3125
-29.625
-29.625
-29.9375
-29.9375
-29.9375
-29.9375
-29.9375
-30.25
-30.5625
-30.875
-30.875
-30.1875
-30.5
-30.5
-30.5
-29.8125
-30.125
-29.4375
-29.75
-29.75
-29.0625
-29.375
-29.6875
-29.6875
-29.6875
-29.6875
-29.6875
-29.6875
-29.6875
-30.0
-30.0
-30.0
-30.0
-30.0
-30.0
-30.0
-30.3125
-30.625
-30.9375
-30.9375
-31.25
-31.5625
-31.5625
-31.5625
-31.5625
-31.5625
-31.5625
-31.5625
-31.5625
-31.5625
-31.5625
-31.5625
-31.5625
-31.5625
-31.5625
-31.5625
-31.5625
-31.5625
-31.5625
-31.5625
-31.875
-32.1875
-32.1875
-32.1875
-32.5
-32.8125
-32.8125
-33.125
-33.4375
-32.75
-33.0625
-33.0625
-33.375
-33.6875
-33.6875
-34.0
-34.0
-34.0
-34.3125
-34.3125
-34.3125
-34.625
-34.9375
-34.9375
-35.25
-35.25
-35.25
-35.5625
-35.875
-35.875
-35.875
-35.875
-36.1875
-36.5
-36.5
-36.8125
-37.125
-37.125
-37.125
-37.4375
-37.75
-38.0625
-38.0625
-38.0625
-38.0625
-38.0625
-38.0625
-38.375
-38.6875
-39.0
-39.0
-39.3125
-39.625
-39.625
-39.625
-39.625
-39.9375
-40.25
-39.5625
-39.875
-39.875
-39.875
-39.875
-40.1875
-40.5
-40.5
-40.5
-40.5
-40.8125
-40.8125
-41.125
-41.125
-41.125
-41.4375
-41.4375
-41.4375
-41.4375
-41.4375
-41.4375
-41.4375
-41.4375
-41.4375
-41.4375
-41.75
-41.75
-41.75
-41.75
-41.75
-42.0625
-42.0625
-42.0625
-42.375
-42.6875
-43.0
-42.3125
-42.625
-42.625
-42.9375
-42.9375
-42.9375
-42.9375
-42.9375
-42.9375
-42.9375
-43.25
-43.5625
-43.875
-43.1875
-43.5
-43.8125
-44.125
-44.125
-43.4375
-43.75
-43.75
-44.0625
-44.375
-44.375
-44.375
-44.375
-44.375
-44.375
-44.375
-44.375
-44.375
-44.6875
-44.6875
-44.6875
-44.6875
-45.0
-45.0
-45.0
-45.0
-45.3125
-45.625
-45.625
-45.625
-45.625
-45.9375
-46.25
-46.5625
-46.5625
-46.875
-46.875
-47.1875
-47.5
-47.8125
-48.125
-48.4375
-48.75
-49.0625
-49.375
-49.6875
-49.6875
-49.0
-49.3125
-49.625
-49.9375
-49.9375
-49.9375
-50.25
-50.25
-50.5625
-50.5625
-50.5625
-50.875
-50.875
-50.875
-50.875
-51.1875
-51.1875
-51.1875
-51.1875
-51.1875
-51.1875
-51.1875
-51.1875
-51.1875
-51.5
-51.8125
-52.125
-52.125
-52.125
-52.125
-52.4375
-52.75
-53.0625
-53.375
-53.375
-53.375
-53.6875
-53.6875
-53.6875
-54.0
-54.0
-54.0
-54.3125
-54.625
-54.9375
-54.9375
-54.9375
-54.9375
-54.9375
-54.9375
-55.25
-55.5625
-55.5625
-55.875
-55.875
-55.875
-55.875
-55.875
-55.875
-56.1875
-56.5
-56.5
-56.8125
-56.8125
-56.8125
-56.8125
-56.8125
-57.125
-57.4375
-57.75
-58.0625
-58.375
-58.6875
-59.0
-59.3125
-59.3125
-59.3125
-59.3125
-59.625
-59.9375
-60.25
-60.5625
-60.875
-61.1875
-60.5
-60.8125
-60.8125
-61.125
-61.4375
-61.75
-61.75
-61.75
-61.75
-62.0625
-62.0625
-62.0625
-62.375
-62.6875
-62.6875
-62.6875
-62.6875
-63.0
-63.3125
-63.625
-63.625
-63.9375
-64.25
-64.25
-64.25
-64.5625
-64.875
-64.875
-65.1875
-65.5
-65.8125
-66.125
-65.4375
-65.75
-65.75
-65.75
-66.0625
-66.0625
-66.0625
-66.0625
-66.0625
-66.0625
-66.0625
-66.375
-66.6875
-67.0
-67.3125
-67.3125
-66.625
-66.9375
-66.9375
-67.25
-67.5625
-66.875
-67.1875
-67.5
-67.5
-67.8125
-68.125
-68.4375
-68.75
-69.0625
-69.0625
-68.375
-68.6875
-68.6875
-68.6875
-68.6875
-69.0
-69.3125
-68.625
-68.625
-68.625
-68.625
-68.625
-68.9375
-68.9375
-68.9375
-69.25
-69.25
-69.25
-69.25
-69.5625
-69.875
-69.1875
-69.5
-69.5
-69.8125
-69.8125
-69.8125
-69.8125
-69.8125
-70.125
-70.125
-70.4375
-70.4375
-70.75
-71.0625
-71.375
-71.375
-71.375
-71.375
-71.375
-71.6875
-72.0
-72.3125
-72.625
-72.625
-72.9375
-72.9375
-72.25
-72.25
-71.5625
-71.875
-72.1875
-72.5
-72.5
-72.8125
-73.125
-73.4375
-73.4375
-73.75
-74.0625
-74.0625
-73.375
-73.375
-73.375
-73.6875
-74.0
-74.0
-74.0
-74.0
-73.3125
-73.3125
-73.625
-73.625
-73.9375
-73.9375
-73.25
-73.25
-73.5625
-73.5625
-73.875
-73.875
-73.1875
-73.5
-73.5
-73.5
-73.5
-73.5
-73.5
-73.5
-73.8125
-74.125
-74.125
-74.4375
-74.4375
-74.4375
-74.4375
-74.4375
-74.4375
-74.4375
-74.75
-75.0625
-75.0625
-75.0625
-75.375
-75.375
-75.375
-75.375
-75.6875
-76.0
-76.3125
-76.625
-75.9375
-76.25
-76.25
-76.25
-76.5625
-76.875
-76.1875
-76.1875
-76.1875
-76.1875
-75.5
-75.8125
-76.125
-76.125
-76.125
-76.4375
-76.75
-77.0625
-77.0625
-77.0625
-77.375
-77.6875
-78.0
-78.3125
-78.625
-77.9375
-78.25
-78.25
-78.5625
-78.875
-78.1875
-78.1875
-78.5
-78.8125
-78.8125
-78.8125
-78.8125
-79.125
-79.4375
-79.4375
-79.4375
-79.4375
-79.4375
-79.4375
-79.75
-79.75
-79.75
-79.75
-80.0625
-80.375
-80.375
-80.6875
-80.6875
-80.6875
-80.6875
-80.6875
-81.0
-81.3125
-80.625
-80.625
-80.625
-80.9375
-80.9375
-81.25
-81.25
-81.25
-81.25
-81.25
-81.25
-81.5625
-81.875
-82.1875
-82.1875
-82.5
-82.5
-82.5
-82.5
-82.5
-82.5
-82.8125
-82.8125
-83.125
-83.4375
-83.75
-84.0625
-84.375
-84.375
-84.6875
-85.0
-85.0
-85.0
-85.3125
-85.625
-85.9375
-86.25
-86.25
-85.5625
-85.875
-85.875
-86.1875
-86.5
-86.8125
-86.8125
-86.125
-86.125
-86.125
-86.4375
-86.75
-86.75
-86.75
-86.75
-86.75
-87.0625
-87.0625
-87.0625
-86.375
-86.6875
-87.0
-87.3125
-86.625
-86.625
-86.625
-86.625
-86.625
-86.9375
-87.25
-87.5625
-87.5625
-87.5625
-87.5625
-87.5625
-87.5625
-87.875
-87.875
-87.875
-87.875
-87.875
-88.1875
-88.5
-88.8125
-89.125
-89.125
-89.4375
-89.75
-89.0625
-89.375
-89.6875
-89.6875
-89.6875
-90.0
