-1.14191082143
-0.0232115558686
-1.03501737284
-3.25546055402
-3.1191286786
-2.56147898544
-0.936564734101
-1.85014739217
0.0907952189674
0.884465699821
-1.40263593851
-0.710460091769
-1.12981690779
-1.48831546399
-1.94664282043
-1.27603006538
-1.78295270449
-2.32454753364
-1.75817806084
-1.36912195951
-1.63540479386
-0.396213220695
1.67234720748
-0.78812306062
-1.97957778218
-1.94224865914
-1.5824712583
-1.13938579957
-2.2966515908
-1.96801786879
-1.54126416888
-1.03176012783
-0.285826060845
0.0965568819604
0.850504585006
1.48854659111
2.19449382123
0.182121218824
0.401222362973
1.4686323404
2.84418154498
3.82422883058
3.44951297271
3.10135447676
2.66236252873
6.73078368313
5.94129306812
4.14933805296
5.18726698592
6.8880761817
6.16752296952
4.00486298126
3.42779719248
3.35791935359
2.73965173584
2.79387617196
2.59435574997
2.77309221142
2.82680249641
2.14720467189
1.78817717371
0.54543825674
-0.18791262027
-0.852950298324
-1.7317156072
-2.73863722967
-2.74253661622
-3.77335903501
-3.42046787302
-2.67087147694
-1.62417046005
-1.98698327513
-2.64345851365
-1.60362907815
-2.67251513744
-5.75719897143
-4.65672238139
-4.78939947629
-4.61947030497
-3.70353894141
-4.94960605194
-5.30494347731
-6.97328753636
-7.50778889266
-5.56026074758
-5.54370296952
-5.1390013313
-5.18086947848
-4.20680318896
-3.96454147064
-4.08885435916
-3.72984886256
-3.04851608084
-2.30944599127
-3.01378465021
-2.42806368819
-1.15534101134
-1.55407200725
0.00246349101304
-0.610353558487
-1.00125981179
-0.378567514563
0.000103932122518
0.0148900566671
0.391392411494
-1.18596946397
-3.0673994924
-3.74708074349
-6.02361342756
-6.21053581146
-7.70304596539
-7.12297629309
-6.9088845757
-4.95852870998
-6.37731294266
-4.99327124922
-4.26765525988
-5.62985749366
-4.42170135279
-5.51917690773
-4.822905055
-5.66766448589
-4.86806500602
-4.24186254788
-3.40157380101
-3.53624500516
-3.23105825685
-3.36555024201
-3.33550627015
-3.06364165198
-2.20070740445
-2.71387669929
-2.08494332501
-3.04128716256
-3.92024732099
-3.5886503765
-4.15641251129
-5.11477197432
-6.35015265993
-5.16128698013
-6.72155705441
-6.06768373962
-5.72049036526
-5.62931074197
-6.37863291154
-6.18588550988
-5.60879898251
-5.83909195105
-6.10570357273
-5.82206720001
-6.49216968435
-7.61237638883
-9.1721342942
-7.80952577727
-6.71258771964
-5.94062735273
-7.37626607485
-7.33755081343
-6.68921143813
-6.15365769362
-5.83041360464
-6.75215869744
-7.45788163337
-7.44400630501
-7.48210484576
-5.23417531673
-6.73666997212
-7.01734077985
-7.01894200369
-7.053717124
-7.11390907083
-7.60039801364
-7.04406433513
-8.35915808811
-10.3252991118
-10.4582898274
-9.13184223086
-7.76044729438
-7.22477690168
-7.41534824449
-9.51893936257
-10.1932433109
-10.5533547181
-10.7530345958
-12.1962145597
-12.5272723653
-11.4854794061
-10.0258365684
-11.726862594
-13.2463061188
-14.1706536151
-14.4628662132
-15.5498895324
-15.1627021403
-13.6979761547
-14.890997252
-16.4868257792
-15.1115099873
-15.8215152128
-15.9740390185
-16.1281360591
-17.3242490582
-18.2415478496
-17.0269933202
-18.0927473342
-18.533764755
-19.532100753
-21.0315601125
-21.7137043157
-20.7131358125
-19.8196630429
-19.8364410724
-20.7704717792
-19.7028525461
-18.7252578448
-20.0160032878
-21.1818906634
-21.6276659963
-21.9900839668
-22.0806479416
-20.4243412712
-20.5095144266
-18.5511710976
-19.1775008408
-18.7532121002
-20.1228695928
-21.3870391176
-20.645934322
-20.454816308
-20.1125858666
-20.6029499968
-20.8324628678
-22.4658637255
-22.7821614982
-21.9185092509
-21.4457352514
-21.0184350474
-20.0206819511
-19.6745410599
-19.8252542851
-21.0191266677
-21.6454098434
-21.4181747258
-22.578809872
-20.5255233655
-19.5727857037
-19.9964379607
-19.3728022145
-19.2766622273
-18.1726252899
-18.8769046611
-19.2637316217
-19.7084664918
-19.1097000155
-20.3356514735
-19.0288723286
-18.00398433
-16.3964087209
-16.8930495748
-15.5848569689
-16.1191207734
-16.0356747588
-15.0847857924
-14.9457246532
-15.1834026433
-14.1229188879
-14.0162447602
-11.8888839722
-11.0403607187
-11.626751554
-12.4098167753
-11.881550051
-11.7630997163
-11.9688585052
-12.3758342687
-13.5489815382
-12.6277465557
-13.2026844355
-14.4707678334
-14.0536619367
-14.5164961648
-14.9806270273
-14.140080641
-13.2741847031
-11.7955993635
-12.7183495583
-13.6712603046
-12.8494464955
-12.8142199358
-14.258609568
-14.191473349
-13.9804103069
-14.3754287873
-14.9150551025
-14.0779267446
-14.0948478117
-14.0339319913
-13.8676247624
-14.7157339379
-12.5544697454
-13.1200588647
-12.3903843013
-12.9864368111
-13.74591093
-14.7317147147
-15.4231992957
-15.3119057237
-16.2622445976
-16.0026638163
-17.1979225713
-16.1309078542
-16.3146829216
-16.8935001522
-17.5773195467
-17.1275813441
-18.162512595
-17.4229568542
-16.6097196076
-15.7925252951
-15.1435075311
-17.059211605
-16.7911485776
-16.8292618334
-17.7173020063
-17.1869690041
-19.0161339954
-19.1838793986
-17.3455314103
-16.6680256264
-17.5569113183
-18.0259586617
-18.4847231668
-18.3099499207
-18.990435581
-18.8138656415
-19.7773446845
-19.3051728989
-20.6044245324
-21.7855769061
-22.9305988689
-20.1585172085
-21.5782931465
-22.0400665267
-23.8840719863
-24.9574062744
-26.7990444464
-27.6654315729
-28.1634690958
-29.5423000948
-28.9463661628
-29.7069977255
-30.1244707394
-29.6630851405
-30.0316443357
-29.5084197704
-29.5189895808
-30.2540425962
-29.371020628
-28.721256758
-26.7728431421
-27.5657829701
-28.7891941163
-28.8291377933
-28.0808413985
-29.9478366902
-30.5879963392
-31.2421868587
-31.4277308573
-33.8371735143
-33.1803038677
-33.065394178
-32.001691246
-31.599685104
-33.2424192666
-32.7108823805
-32.1160872148
-32.5959692375
-31.7638231998
-30.308108176
-30.6015723733
-31.2602626584
-30.6976420348
-32.8715287937
-34.3055352151
-35.6942558599
-36.6161179103
-37.2427583652
-35.4926325937
-35.5765297432
-35.6631174331
-36.2087351997
-35.185141567
-36.0854523473
-35.3805212601
-36.2276605639
-35.0433931172
-33.5774029618
-32.0302113863
-31.2247316158
-29.9352515987
-29.9566943912
-31.1070599331
-29.3683553861
-29.1437484046
-29.5356393644
-30.9584837853
-31.8068215243
-33.4071227266
-33.6283023531
-34.2117249077
-35.7388006113
-36.3309332809
-35.4236140551
-36.3124535725
-33.8594137453
-32.8702052632
-31.3839596716
-30.8602765432
-31.6216286916
-31.513463197
-31.0144425453
-32.7855695634
-34.04063077
-33.6419101068
-32.7885479681
-33.4990171801
-33.7095890805
-32.7138334796
-33.7988571881
-34.3184707061
-33.7898330505
-33.0031962149
-31.6796927859
-32.1955922262
-32.2342963176
-30.5569888024
-30.5383755031
-30.8283973151
-31.3764366429
-31.5777775045
-30.9438438094
-32.3461522815
-32.7966249463
-30.3143184124
-31.2335267158
-30.1118770367
-30.7067657979
-31.51735822
-33.5031984134
-33.6210276766
-33.6810277903
-34.0656153815
-33.7525539563
-32.8584086542
-33.2542668425
-33.9319013534
-34.4529824469
-33.6179944734
-31.8165867572
-32.9542602937
-32.5464426457
-32.406405582
-33.89706372
-35.32812791
-35.5174439583
-36.7282503191
-35.3489318674
-35.9750367424
-35.6361505233
-35.5305819321
-34.9054498393
-36.2723006899
-35.598670368
-36.3312325869
-35.9855095121
-35.8649554641
-35.6307669463
-35.391775545
-35.1269557359
-33.5665205948
-33.7133816466
-33.0195185776
-34.2087606015
-34.3380217597
-33.6446351345
-33.4995348213
-33.2457534676
-32.9239740181
-33.4183253397
-34.2775006411
-34.1360369298
-34.2023602152
-33.4654190656
-33.1049702984
-34.2963525371
-35.237374754
-36.2096692451
-37.5784840238
-37.8560399963
-38.9024900105
-39.8293750784
-39.5971340411
-39.5822332567
-39.8539358508
-43.1631338846
-44.1899551372
-44.8834381394
-46.8171877354
-48.5848207692
-49.4254529931
-50.329997703
-48.4334685554
-49.2301278926
-48.6082389371
-47.5688473848
-47.3017435096
-46.8412822106
-47.0331695229
-48.1593694919
-49.0166101653
-50.5084543511
-50.5592752745
-50.8705962486
-50.0284324296
-50.0394524647
-50.0609865252
-48.8165050126
-48.801100665
-48.8526682094
-47.3131201649
-47.4945543811
-47.0527198167
-46.8799574911
-45.6016370379
-45.8707413769
-47.483324054
-48.5669978171
-48.9826084092
-48.7116999166
-48.3078173268
-48.4734756721
-49.340317132
-49.6210116623
-51.4117673268
-51.7333220318
-50.6453290892
-51.3943457947
-50.6437836723
-51.9183144895
-52.6388619118
-53.2137015344
-52.7465297568
-51.7100196105
-50.1802510417
-51.3134264781
-52.380357226
-55.5501059792
-53.5914068959
-53.5868204469
-52.9421629325
-54.8130336585
-54.5959077144
-55.3190148738
-55.0004359259
-55.4505875409
-54.4391533141
-54.0721878422
-55.2109962757
-55.1464493401
-55.3157039628
-55.3403662481
-54.5621602928
-54.6891159302
-53.6551139316
-54.5747059657
-53.7688820534
-53.7495487213
-54.2886796038
-54.6183782905
-55.3356312239
-55.0193203804
-56.1995583678
-57.0333398004
-56.6418667308
-57.488305927
-58.0894316969
-58.995568106
-59.1452272425
-58.3315347326
-58.201881399
-58.0142671237
-57.456088771
-59.0283458512
-58.6840685063
-57.5685115088
-57.9766248481
-56.4402649696
-55.9163348973
-55.8088944249
-55.9409525705
-54.5956072444
-54.3315477999
-55.9601159918
-56.4076856562
-56.7553787188
-58.1219277361
-58.214067202
-57.721649015
-58.0358047482
-57.1767698798
-56.8315841877
-57.5027644148
-58.1538595382
-56.8145347319
-56.8638178882
-58.2284834362
-59.1660584099
-59.4172169619
-60.5870925436
-60.2776094076
-62.3340587029
-60.8609971541
-61.2702855363
-60.748098633
-60.0477993897
-61.4251966394
-61.1580334061
-61.55767955
-62.5830630976
-61.7139622292
-62.0057935162
-60.8851200237
-61.1176739357
-60.3206964002
-61.5690110173
-61.9487866434
-61.8820041026
-63.143613126
-62.0243247264
-60.0025409398
-60.666064879
-60.948168591
-62.7897079708
-63.7287242685
-65.5922930609
-66.6388063273
-66.2295591957
-65.6424765421
-66.8584626902
-66.41879585
-67.4438020773
-68.7695539643
-67.7713463268
-68.2888011554
-68.5330363589
-66.964578612
-67.5828776767
-67.7979530725
-67.0488087686
-67.4480422098
-67.5599556078
-68.9280058188
-70.1900933869
-70.5121479994
-68.9827384697
-68.1218381257
-69.1243198515
-67.0791456921
-67.4932928776
-66.1720205808
-67.3870703757
-66.0531636296
-65.5022394872
-65.7450599702
-67.680895327
-68.5899334895
-67.669031834
-68.8337613167
-71.5758472032
-70.5725410172
-70.3022281124
-71.1521852003
-69.0523396856
-68.6025321475
-68.9643785452
-68.5116187023
-67.3437039476
-67.7761352421
-67.6096254991
-69.3077598729
-70.0651637366
-68.3628120702
-66.3147499168
-66.5916288521
-67.9032634885
-67.7762100223
-68.7141984219
-68.0446614692
-68.6411057109
-66.7821023274
-66.5250010283
-66.5870134985
-67.2440784516
-66.696526624
-68.6036705901
-68.722596259
-68.5798129157
-67.5258735533
-68.0146869324
-69.3154648582
-69.2717782031
-68.4661735127
-66.8623849987
-68.3542328785
-68.668463575
-68.1619688153
-69.813632341
-71.7799412268
-71.7031555171
-72.2484112859
-72.0570303109
-71.4110297722
-71.2719256048
-71.5796972027
-70.8053214967
-71.1297297999
-70.1675891762
-68.6722063953
-68.4019714571
-69.1852266265
-70.0271052273
-70.6950067651
-70.1671865528
-72.0433434988
-72.561685369
-72.6365832469
-72.9301864726
-74.1694393314
-74.0306405548
-74.9921362756
-75.1071406581
-75.458085369
-74.689659615
-74.3849378893
-74.2844668257
-73.4402868481
-73.6096343298
-74.7552547294
-75.1074421498
-76.6045053975
-77.0885197752
-77.0045639113
-77.8924946568
-78.6025397548
-75.6562610305
-76.8813755315
-74.9893002288
-75.2645743972
-74.268684227
-73.7729308445
-72.3359327288
-71.9974248557
-70.347954545
-70.375106384
-67.678479305
-68.7842340851
-68.9288676367
-68.7826265631
-68.5987354173
-66.1581193047
-65.5019606047
-67.2422096953
-68.0039283476
-68.3862183182
-67.6534710772
-67.3151752476
-65.8240564766
-65.0935966311
-66.0612092471
-64.5389469269
-65.3140801725
-65.7913283572
-66.3044139427
-66.6578315132
-66.1425868463
-65.7674930786
-65.3523246182
-67.838270727
-66.021231114
-65.1193275539
-65.5414996213
-66.7969313013
-67.7796859069
-69.3154601723
-69.0316494345
-67.5301282847
-67.9845022487
-69.6186323947
-68.2970835649
-68.4237811724
-67.8092771003
-67.0352387432
-67.2071154033
-68.3262774865
-67.1938671866
-65.3564059765
-65.5494884655
-65.945108966
-65.3739038449
-65.1535342517
-65.0007572742
-64.6897759048
-65.2913820652
-65.9794816715
-66.7587266778
-65.542882433
-66.3893696761
-66.6025869069
-66.365653566
-66.2889849253
-64.7831804606
-65.6269944772
-65.7194207945
-66.6910430381
-66.717797754
-67.8363662616
-69.3057608901
-68.2721349548
-69.3079892682
-69.7106230567
-67.8788359964
-67.2114377202
-68.3938401628
-68.1887388407
-69.7427113739
-68.6187067
-68.7511586365
-68.9243187031
-67.9753583861
-66.5602873962
-66.5122684536
-66.624954192
-65.7358858433
-64.3863951549
-66.0111582277
-65.3803904407
-64.2421758919
-64.7960964913
-65.2119893481
-65.5710599995
-64.0706890637
-63.6011353879
-62.4080943423
-63.254531845
-62.8009501179
-61.9065903718
-62.8388429744
-62.7359758081
-63.478301904
-64.5728664587
-63.1544432744
-61.5123779429
-60.2907595804
-60.1483638827
-61.4205816853
-60.1969375052
-62.1929065381
-61.441977978
-60.2313589442
-60.7715188292
-61.4057562149
-60.2061905813
-60.0030191067
-61.2265824207
-60.8628498581
-60.6564507178
-61.1487559682
-58.5621243235
-58.7362497275
-58.40228687
-58.7033610509
-58.4558875434
-57.7292544988
-58.3111749817
-57.7628297315
-57.7830953915
-58.5535895666
-58.6428693046
-57.8563361758
-58.5394820513
-58.4807418412
-59.1450640523
-58.6457476468
-58.3837861067
-59.3588602426
-59.0600386791
-59.0868954909
-58.4788323792
-58.9535875114
-57.4913229823
-58.35440722
-59.8830431258
-59.6173616616
-59.9049642281
-61.188985262
-61.5388020439
-61.2019354891
-61.609291128
-60.7126806202
-61.6300117649
-61.4532177689
-58.952446936
-61.5124596959
-60.8912239363
-62.8614278493
-64.1394527471
-64.3278269686
-64.9860057781
-67.3354621663
-67.0156484123
-67.8181927513
-68.1075373484
-68.2721587517
-70.6272808286
-72.1749807853
-71.3100156975
-70.5079659182
-68.9921215433
-67.9699373074
-67.3546705004
-67.4674758681
-67.3124712206
-68.8946948123
-69.4951921802
-68.027103396
-68.4570055161
-68.4836473899
-69.4827087416
-69.7301988292
-69.0592554711
-69.7250244564
-71.2945995372
-70.8558546753
-72.2759712098
-75.4991195451
-75.9048410371
-75.6934574261
-75.1142466123
-76.5853070113
-77.4598846106
-76.1463531838
-76.7067391984
-77.3701956603
-78.7604581703
-76.9657369209
-78.0881119343
-78.6598828016
-77.5827239247
-77.9192032627
-78.4283557789
-77.3389654743
-78.4878667933
-79.2706612232
-79.1039240758
-79.3710415347
-79.2080656163
-78.6170293201
-78.3086847943
-79.942501237
-81.1194260308
-79.3754913336
-80.5673663842
-79.5280967243
-78.424065178
-78.1950113217
-78.3759133339
-78.2551882768
-76.7015420619
-76.2056121664
-76.0481255999
-75.916289406
-75.3019107051
-75.4498062037
-76.5710509614
-77.5225700213
-75.8534602053
-74.4214602816
-74.1478252034
-74.0174446382
-74.4244798621
-75.3866354835
-76.5054275401
-77.277396846
-75.099963356
-75.0916882061
-75.5642078381
-74.1997245183
-74.8939932792
-76.0975131947
-75.125323862
0.6017528163
-0.299931956296
-1.89056685123
-2.23024090035
-2.81641356711
-2.8266272656
-3.01780350619
-1.7109544482
-1.67703969407
0.0537732682607
0.046383563749
1.61675942164
3.09971621282
3.50024986247
3.27946706793
4.86783422668
4.1485273529
4.83862884828
4.7277903311
5.38354577291
5.18539807045
4.55964857194
4.44138957258
6.28110314645
5.74063675898
5.65475957186
5.00264683384
4.99655942226
2.23504147938
1.94612830518
2.21222350438
1.87497796903
2.12282643097
3.45588870464
2.49470600787
2.2065002386
2.29766621469
4.15201157239
2.35312460986
2.3635662612
0.956863087217
1.11039866928
0.0799508210744
1.40407255931
1.04923596286
3.35319828404
3.83678473725
4.17100002845
4.93867517175
5.50815053509
7.26230191637
6.42364995293
6.00760774024
8.29854357058
9.05097212186
9.24992126592
8.98330946545
8.92461335486
7.99314404425
9.34034732846
9.96120819709
10.2317305502
10.0160794184
11.0531114812
11.7491334737
11.1051090379
10.8572920884
9.41897497384
10.5937376212
10.855191562
10.433860854
8.48015226718
7.26665678644
8.4435783269
7.61853091567
9.07501341792
10.4261735275
8.94033925961
8.5396836074
8.78629287107
7.95185692235
7.18461160591
7.25501621734
6.52757467493
9.00138614728
9.5572454505
9.74085727428
10.2235616803
8.48542759975
8.16265574773
6.51463938004
6.47435518916
7.25787971328
7.67483341304
7.82577496135
9.61454970597
9.39757314172
9.79259780297
10.091508767
10.5699672994
10.1371721025
7.72139463328
8.22819184063
8.96876064154
9.32134510928
7.65876837345
8.3773881173
8.4404089387
7.57581173505
7.78868197445
5.84745311053
6.29266058886
5.50411294241
6.60227812469
6.80026090644
7.42438583957
7.29665706008
7.52600752513
9.44523705523
9.26617811766
8.77016625483
8.1667817542
7.03264766543
7.72874948491
7.12381661987
7.55331629796
7.54006340906
7.87028845426
9.50872168225
9.07864517989
10.9112326128
10.2115756021
9.7236674531
9.9567011982
8.50593114115
6.76704421743
7.36837704922
7.85197356044
6.68365940575
8.93479347132
8.12003814394
8.76230571022
9.93123099158
10.7821839229
10.5531608728
10.7453894309
11.1210967357
12.7096783779
13.7532955714
12.9584043273
13.9287496844
12.8715435604
13.8727375997
13.7011744116
15.0158083917
14.1691614905
14.0752814488
15.2406654539
16.6907409201
16.8703347721
18.024397326
16.3526548096
15.889167853
17.7985481855
18.3400891816
16.5654760361
17.2459133122
17.8052027961
19.3259309624
19.0788346946
18.6112955545
17.7132784596
18.0462817346
17.3766877345
17.401823153
17.1623784974
18.0244630227
17.6566543315
18.4140345513
19.4960555765
19.6163856744
18.8943490253
19.9555226985
20.2756237857
22.3062511923
23.4153772655
23.4514820154
22.4264997972
22.5982911955
25.1038728727
26.0555506244
26.9543520319
25.7377338283
24.159020482
25.8886532127
25.6051821674
24.3468581761
22.4895782118
24.3723145335
23.7157242201
23.944092386
25.170082627
23.8285058975
24.0701307763
23.0516235093
22.428115153
24.0479756469
25.1786390399
25.653808607
23.4226612138
21.3030095856
21.715980447
21.6635666249
21.3318528929
22.0791958003
22.4341354888
22.7995666167
23.4562580348
21.316333429
21.1084807064
21.5614052266
21.9912363992
22.5465735275
22.2687076556
23.2067982764
24.5053433384
22.7100351862
22.6633179775
22.6536781313
22.7055000433
22.1593433179
22.3650498049
22.7508649093
23.1546489774
22.0555550229
21.3275307037
22.4593991734
23.3304689803
25.3820956078
22.871280312
22.0002287107
21.7033622829
22.1040409458
21.4796269512
24.1272004619
23.8823530561
22.8108072219
21.9557606284
22.941736716
22.4718079418
21.8919298844
20.5676659269
22.6023126643
23.4774817546
21.8991094649
22.7108211621
24.0723178207
24.0004079175
23.5654701879
24.4548466313
23.0454579578
22.8389546189
21.1756049893
22.5911522128
25.2708275645
26.0295239015
28.2277079713
29.8604961014
29.0878302463
28.7955772254
28.9929102509
28.3194106961
28.0548551209
26.9576835997
27.1766102382
27.7951931182
27.9412629671
27.1075164113
27.4804562639
26.8051791362
25.9163142138
25.9328533392
28.3576375611
27.0554182657
28.409058936
27.7940515816
26.0269480162
27.7055739811
26.6989198937
27.0693257957
27.5392936935
25.3169530833
25.9239687878
24.6037300232
23.5776845907
24.0685426118
23.5931993038
23.1997377728
23.3890773412
25.443603691
23.583959244
23.5560577803
24.1385080992
23.7987239626
24.4645294153
23.1321735683
24.2501379661
24.3270206562
24.1589494621
26.9043249496
27.9465451621
28.1167020272
27.600241886
28.5602735249
28.3849354852
30.7056729208
30.1002192143
30.1712819493
28.5767014678
29.1630934943
28.3765776175
29.5321417679
29.3019418395
30.7382594807
32.6546512856
32.8275297676
33.6887491637
32.0326941967
32.45419277
33.462721511
34.4645667502
34.6863260126
35.6764736941
35.6753900943
35.926980215
35.0922793727
35.3822601128
37.9437802196
37.4016801567
38.2218737104
38.0333899534
38.5815498014
39.8545582862
38.1737145082
38.7854912423
38.4548344048
38.5625678041
39.0774131958
38.5886266486
37.498364697
36.1329218776
36.7453869216
35.5415739762
34.5429702869
33.0023238124
34.5161523624
34.2984670791
33.9447142861
32.7977142825
32.4186870805
32.9974701023
32.9138819579
34.4746364083
34.0116780704
31.9659066994
31.1150964007
30.2988292055
29.7290731745
29.3738298393
29.7345151803
30.6977505554
29.3845203857
28.9210922107
29.009175826
30.6282740343
30.2678790655
29.674541274
28.7162570785
25.9789846705
26.7247652436
25.9663494244
26.6122320693
27.5938114343
27.2643559249
26.7046678835
27.3247653695
27.5694007625
28.0962679056
28.1132244245
29.6817838547
29.8601712648
29.4719874865
30.0721312124
31.3105109811
32.3711536047
33.9531680465
33.6932638816
32.1798258961
32.9595329681
34.8245409357
35.9660925192
34.7756626522
34.7019621748
35.3693407479
37.1111223571
36.8574745392
36.4799092374
37.1597405752
37.4682651795
37.7210524385
35.6776198615
34.7888684271
36.5385386748
36.7863285103
37.1988448859
37.8676289824
37.8836140718
38.4411789471
38.1069189816
38.0893698973
38.1650347589
37.3989907895
37.7019731956
38.1655383117
39.1263761953
39.5155599961
40.0529782339
41.8999847475
43.9107338357
42.0233109664
41.6557877148
42.7957233937
42.5911747953
42.045390424
41.2030667569
41.9147684559
40.7575202046
42.4984557606
42.8475273239
42.1702873842
40.2412077515
39.3925118164
38.9604235351
38.8266437919
37.4644088991
38.5128272618
39.4371790971
39.3125688955
39.5314293108
40.3333640403
40.7365548476
39.5945951022
39.7020635547
38.0353666411
37.3823110976
36.6194567474
36.4715421975
37.5999827617
37.4676418835
38.0633476467
37.2972077866
38.2717510997
39.012008596
37.338265273
39.2587194417
38.8305946524
38.2535058604
36.4848505913
37.7631189442
38.5447573487
37.0623826718
35.6342775612
35.6952080884
35.6084755381
37.8232681939
37.4459700494
37.0462639102
39.2232153537
38.8256213454
38.0903450689
39.4064778942
39.010873116
39.7463147288
39.6104583557
39.2650194164
37.4906568194
36.4893679657
35.5039549004
35.9244573615
37.0389470237
37.0034527837
37.5849864654
36.3604252663
36.4874302603
37.035192412
36.1701926274
34.8282661942
35.2582014274
35.6012314725
37.1954530402
37.2248848559
37.8263799069
37.5906773755
38.6672223555
39.3360067818
36.4894186942
37.0482751635
38.3200216639
37.2093260967
37.8819185751
36.8487656477
36.4833325418
36.8021916744
38.0263300747
36.7693937104
37.6769409127
38.3893764072
39.4561833503
39.789510509
41.0937748459
42.2625017112
42.6061820787
44.1647796435
43.971480973
43.7052314445
44.0026632503
43.8445685545
43.9477028023
44.4569260351
44.4126860757
44.0589230816
45.1155257799
45.4521724856
44.9960095049
44.397041248
44.218485906
44.0006952033
41.8114475809
43.0885519937
44.6643775568
45.3392022817
45.1706036563
43.8076202763
44.0087502862
43.8429577931
44.0492128825
43.3797652793
43.5442341353
43.7755257361
43.869131382
43.0044909797
45.638348134
46.4810481887
46.2749404031
46.3423743233
45.1460295682
44.1446919847
45.3112847694
45.9811890915
43.6398215543
43.3543132126
41.4669844535
42.37477953
40.5310505707
40.5364751551
40.1578592544
41.0776345686
43.0852320271
44.4859541753
45.2449687472
44.5296838487
42.987880909
41.7389509556
41.7289141407
42.1701241555
42.3655146493
43.4446645671
43.9757356934
44.4130747929
43.6037611621
43.9391314487
43.7905293337
43.6458081266
44.3531072064
45.1074120597
44.4575314893
43.9911999246
42.7076574535
40.8483035067
42.1820309603
42.427753365
41.6372968231
43.5678394706
43.8306006377
42.5109157236
42.2716589786
42.939077206
42.7090953005
42.9810590023
44.0839290567
43.1714667446
41.1598920167
42.1671532256
42.2987154827
41.5308246477
42.0704544449
42.6882387578
43.2158358829
41.284362482
39.7111532258
40.8838454616
41.5899258163
41.2303975668
40.615703676
40.7895501385
41.9430895621
42.2677714198
42.5339245289
42.8374416446
42.2717354838
40.7286486086
39.0368876045
40.5602839464
41.2792490908
41.3685641814
42.3473175484
43.5790192355
44.6983674448
43.2252675472
40.2959148499
40.0591609645
39.8881097175
39.9787769699
41.4516441679
39.8554363038
39.3938247625
40.2242117705
38.6723414511
38.9280513714
38.4939487749
39.72433743
40.6302965366
41.3212880619
40.9672577435
41.6504168677
41.5582736394
40.2482934502
39.9770838361
39.4146956308
39.4033619246
40.0785503792
39.0466510729
40.0152875153
40.5502585701
40.6251408699
39.1303242702
38.6862553742
36.5762524494
36.0061931019
35.4280434896
35.2204577096
35.2385289706
33.9544325157
34.8901226467
35.0902080909
35.3089124614
33.838025326
32.6016258144
34.490233191
34.7085438382
34.515014782
33.3015083809
34.3714199817
34.3538846133
35.1941017422
34.2586348401
33.796049675
35.2650457509
34.7090849145
36.622741883
36.304024558
36.6617508668
36.8044035796
39.0149012698
40.1328408408
40.8989443914
40.6106031916
39.6626913022
40.0522645988
39.8630338114
40.546533351
41.0844361304
39.6963881049
40.5623607432
42.174029629
43.8822556805
44.3714545794
43.7217303063
43.8803572886
43.1321982673
42.5410399305
42.086091239
43.7553864064
44.6951283066
43.8836885493
43.07982756
43.9614585193
44.3914227445
44.2255384729
44.1160914644
43.9699666081
43.4147441833
42.9537027846
43.3396890721
43.5134087787
41.0328121119
40.0484593974
40.2272871941
41.808900557
41.1798551962
40.9177974043
41.6292147826
41.4851184206
41.2801852682
40.4215498947
40.6796338207
41.2236129249
39.7908853716
39.2824271585
39.4889501777
39.3066922381
38.4499233249
39.3793390327
38.4495892466
38.2689494031
38.366236291
37.6185579324
37.2501375007
37.7380082276
36.2849265987
35.4244652717
35.4951877959
36.9291793038
37.2045588139
37.5508987285
36.9277360442
36.4349288603
37.0681246849
36.1272987737
35.5656558701
34.1397012418
35.2191528611
36.9290772724
35.7996716341
36.3997914992
36.9463814597
38.0824835905
38.0105343565
38.5881007024
39.1726664984
39.9135826224
39.5296400675
40.224146825
38.865229032
39.6825338605
41.6412573939
39.2288332653
38.6263472068
36.7823328188
35.3452538403
35.9790430153
36.0116296927
37.4273906713
37.3552028755
36.6512818017
35.7147031108
36.8307683995
37.5021739496
38.4849550173
36.8503128296
37.181352852
36.3202245105
34.6146200427
34.17350845
33.5261206902
32.0682354558
34.5793247113
34.7064371527
34.9029402797
37.0023507877
39.2159063068
38.7442778496
39.8282292174
39.3169510983
40.5208509591
42.0309640338
42.0603574562
43.0625943515
42.9442663399
41.5059675654
43.2782969282
44.2725564573
44.1763061367
44.7022049501
43.6150506978
44.1254009245
43.4369045196
44.6533875457
45.4167014565
43.5889732515
43.5122948269
44.52560561
44.3981360067
43.3432072712
44.9252446028
44.5940372401
44.5218071311
43.1945978901
43.4936881517
43.3946946042
42.8025373968
41.7195750088
40.9647637272
41.6800080628
41.1035796813
42.6734686232
41.8095151129
40.5056419293
40.5310959413
38.7939698601
38.9486663422
37.2360794346
37.2348954793
38.7086705952
38.2554429194
38.5858931406
36.9441471441
37.1877880565
35.9166581803
34.95307896
34.6635030026
35.1488308868
36.5315974639
38.6345783348
40.8439056487
39.9560823505
39.7465873726
39.5830068793
40.9215325656
42.1523658873
42.9857269176
42.4183738871
42.1214779248
40.6137125941
40.4144276537
37.7867613287
37.5193350411
37.3344230812
39.7828416615
39.9821324867
42.2911948441
42.9928816041
44.1771878903
45.635906
48.3637058595
46.4280397278
45.5989734685
45.0660114461
46.5788265407
47.268390512
46.9125186205
46.8167572237
46.7356136528
47.539305791
46.4803143956
46.180904904
46.9128354178
47.4606182981
47.6933754583
48.4389604455
48.6691643847
49.9037086236
49.1670966213
48.9869839196
48.4693738366
48.9616897249
49.5608824547
50.8557735787
51.1516468815
50.1519999575
50.1958415659
49.0974253313
49.4691157929
49.6462620546
48.0529964649
47.8794396967
49.0721398092
50.4965870421
51.6316711224
52.3807009897
52.8058095367
53.2714619241
54.574136449
56.9180440963
56.7843828641
57.1825727386
54.9050280176
54.0696141072
53.3359990396
52.3161022089
52.820782497
54.4326643415
54.7387250667
54.8379014194
53.0402163606
52.7881266191
51.376779167
51.0965363919
50.4035786427
50.9682495031
51.7784146615
49.5151628731
50.3426036328
51.9147698861
52.2604403508
52.0052877139
51.9416173825
51.8755244564
49.9245854697
51.3923884028
51.8132934717
52.6740506707
52.6162894596
52.7936601996
53.7217798202
53.2072931511
52.0712475141
52.7930914211
53.6449183082
51.744863702
53.0115605187
54.5540803266
52.9105013494
53.6836730903
55.0583945522
56.4896998115
58.1299677985
59.8590984997
61.6958499264
62.6201476708
62.157632722
62.7646316145
61.3910475906
62.1400504729
61.8907529102
62.4872353871
64.3245817557
63.5534579442
62.2600217047
61.0715775206
60.5984740251
62.9444843471
63.4723380169
63.2380264914
62.1125973342
63.119542159
63.9109045562
63.2245743682
61.2884184453
60.4978823684
60.4298385635
59.8920287011
60.1467384498
59.3979995395
58.1495553022
57.5725873619
55.9728110567
56.3271811454
56.5222552622
56.0508517907
53.5158144364
53.9796210004
54.0381116766
54.5863373862
54.3713727042
55.3849668083
57.1045345196
56.3866334061
58.6055097472
59.8637495359
59.2218421577
59.537844043
57.9809321128
58.64343316
58.2456815672
58.1329078383
57.9772929536
58.5127348369
57.1050098706
58.1171665676
0.698338310394
-0.0244652656154
-1.45187957245
0.609538582248
3.96933520058
5.41678041926
6.18597581578
5.36285123592
5.67495486889
5.44954937558
7.0794399701
6.37222771072
7.40533184307
7.59933411294
6.54987751568
5.8267039793
6.58920126181
7.10371923598
7.05495151831
8.09612016351
8.33959821002
9.36398769764
8.9844719001
9.75418316463
10.5062671376
10.8513916661
11.5080818779
10.8231323536
11.37441797
11.8926112311
11.4433961
12.4093942688
12.5005542456
12.8011963001
13.3247307878
11.6000491851
10.9779725944
10.1589929212
11.6832087425
11.904505458
13.0741204982
10.0573478545
8.87690027471
8.82945188604
10.8772519312
12.1894233963
13.129983061
15.4208491881
15.8250992921
14.7039420976
13.9487705606
13.7913233831
13.9869180169
14.0263993401
14.7036079052
14.9620388353
15.0192374574
15.8317037251
15.1105778836
15.7391455013
16.2158873342
16.5334864767
16.0636125438
14.9007367922
14.831455071
15.523766918
16.6813681613
16.205287047
17.699754112
17.963021881
16.4402738928
18.7438333988
18.9479443125
21.2075666461
21.4696428978
21.148684037
22.8393371584
22.5722591333
21.0887792778
21.6033731171
21.4753826611
21.7011187937
20.0022663561
20.0893644088
19.8514114812
20.2495286683
21.8654487962
22.4693615037
22.2622272016
20.900483694
22.1663739019
22.4592819009
24.5677290181
24.9116485163
22.5656478859
21.7608250222
22.0215245593
21.3583491034
21.7456101947
20.9787436207
20.7660801279
21.6489790589
21.8796160117
24.0747741556
23.3790932379
22.9989350593
23.1646865637
23.722851419
24.3417690494
24.926638277
24.5919014236
23.3639637565
22.4124596383
22.6993270134
24.4744967419
26.0791043616
25.7653752243
25.4265289845
24.5937519489
24.0424744261
24.3681822918
23.7242650296
23.7912332304
24.2297775632
22.6399499044
22.6606861879
22.297247703
22.428661873
22.0616107252
20.4328352929
21.3144322696
21.4672564644
22.0180082076
21.0657213874
19.684004469
18.8700349243
19.1494460931
19.4805080443
19.9186759576
19.515730755
20.4420308126
20.057465952
20.2264498629
19.5245794919
20.0260638936
17.8729968832
19.4826744232
19.5756600742
19.8189311241
19.4571635986
20.5071441539
20.4361132928
19.4771886288
19.8232721002
20.5015903923
20.0697169594
19.8415760262
21.9642194501
22.9185872511
22.7025341791
22.3492819822
21.7524188083
22.9022084899
22.2509165211
21.9720181049
20.412790114
21.0678163347
19.8968000546
18.7431673349
17.0764605365
17.5258916733
17.6819168861
17.1770868625
17.2203840514
16.5731024053
14.9191733158
14.3115693763
15.0178511403
15.0704676849
15.4880759716
16.1336476822
14.9490482985
13.9324813349
14.0422493607
15.6998943077
16.3027084375
16.5992298003
17.4582589973
16.1610158298
13.8780965344
13.7694600946
14.230208495
14.0269179278
14.0855377025
13.7553458028
11.3045042991
9.51240597181
9.42141296654
10.1095162345
10.4313565473
8.89321015858
10.2858673501
10.6439058656
10.2345142082
10.0693495173
10.431391391
10.8897338892
11.958254014
10.9219434461
11.645074588
12.7468529492
14.1507112271
14.5413134919
15.3744394105
13.960109822
13.9911357708
14.8317659487
14.9927493609
13.8217791098
15.0203494149
13.8799876207
13.2001650214
13.2876445851
12.8870149192
12.9158661583
13.3065435908
13.5283799252
11.7593436214
13.3055402475
15.8540895076
16.6089550524
15.2413837856
14.703094356
13.5206284148
12.7229465136
14.5259551184
14.6746933078
13.8449280654
12.4940206045
14.2240230779
15.1617221906
16.6973382165
15.6868562591
17.0774332963
17.8801138259
18.3360239724
17.8548423318
18.5366894269
18.7514477675
19.9113340244
20.3232630568
20.3814499012
20.4217971637
21.7827713563
20.289323784
19.8134777518
19.5426316022
20.0976612905
20.390640459
20.4032195518
20.7122283664
19.4884422132
17.7653234105
13.7957654088
13.0346433776
12.7116777867
11.6801512398
11.68550062
12.2602049319
12.1243708527
11.8034979873
9.66143002521
10.4107155528
11.3306068829
9.77683141599
8.49530328344
9.76877111534
9.39538310563
8.93626934374
7.68743139766
7.21584346259
9.62693695962
9.44141145155
9.05039147533
9.21006482988
9.3793227069
9.77460542784
9.30149388343
10.0878205396
10.7032189438
12.5498121327
12.5450027131
13.0249523891
12.1309026343
12.5463795247
11.8671706427
11.0600031737
11.8750534771
12.9829872148
14.5930386341
15.7270333425
14.3516527721
13.5444531458
13.690911522
13.7761961753
12.232932546
13.3951459337
12.9544377039
12.4236986728
11.3486273909
11.0347174702
9.20790474959
9.87458394752
11.0196710345
11.2358239011
12.4156597019
12.3073626721
12.6421207222
11.0622417073
10.1490061553
11.3116410781
11.776849638
12.1274119927
13.7821916607
14.6228212899
15.7334808634
14.4355047648
13.9477759744
13.3531258799
14.4297338611
15.1266544423
14.0330543578
13.6674531413
12.8725144586
13.0099015296
13.7177344116
13.517276491
13.1807977505
13.4285387413
12.6726387221
12.9507018347
14.3655579645
15.0438449201
13.2821502762
13.5440514049
12.1410134912
13.1483503348
14.8067985673
14.2811580036
14.6349236813
15.2291612199
15.9745077992
15.9920813437
17.6767533549
18.1324192351
18.3470675714
19.0523516821
18.4620728014
20.3039656773
18.942872857
19.2039937009
17.7671684641
18.2164567641
16.5670382458
18.541825418
18.2799347715
18.0035936486
18.2415854259
19.4821864738
20.3581069892
21.3621018967
19.5233310031
20.5944314133
21.071217854
20.2494673552
19.2560683022
19.7113844881
17.9624307315
18.2733265592
18.9057005527
19.513101099
19.5929850459
19.1432649425
17.7369670351
17.9238757915
17.2332276323
16.4673377171
15.6012785164
16.6808208921
17.4099494162
17.5552845788
17.0555700105
16.1259778733
16.8218482357
16.7063603236
15.6877876476
16.728822034
18.5616616056
16.5794092824
16.1915796976
15.9942868964
18.2549036948
17.9454267633
17.7618390068
16.6212355841
16.0634830392
17.9196291965
17.6707140419
19.0883976338
19.5970096294
21.3272153188
22.1903539637
21.8119601132
23.2437209888
24.880105437
25.5048125387
25.8334052578
25.0863773785
24.9762714244
24.7895006675
25.1175501111
23.9186931625
23.6248023222
23.0015178428
23.0431142679
23.6923084584
23.5155779596
23.5342942172
23.4453448888
23.8341324156
24.05295896
24.3319077137
26.0974178468
25.3248080111
26.822955975
28.4938835022
29.2970142913
30.6434223097
30.8098726413
31.368316225
30.387127404
29.1329768146
30.9727683177
30.2068966492
29.147601126
30.3573799675
31.0808926238
31.7353224059
31.5242477433
32.2642947781
31.3683392381
32.7281748083
30.8274532619
30.7978160139
30.1370481137
29.8192797211
28.2762118302
28.7150308887
29.2246694042
27.9795489774
28.2835058085
29.0399673689
30.2265854855
30.4751414554
31.9102123797
34.4818241727
36.0621769001
37.6625986383
38.0238120496
38.5906310936
38.2772210448
38.5133479342
36.5084022368
37.1898917229
37.9130024284
39.6415719851
40.2057026923
38.7830522696
36.8840361777
35.2737214777
35.6851313555
36.0183844524
34.8692669387
32.273723043
31.6118761573
30.9579653176
29.9877144532
28.6610337335
30.3469340269
30.9981288985
29.9848493469
31.1330532301
32.2913812
31.8617763578
32.2831127795
34.3705560383
34.8686120026
34.9257238047
34.8949101148
33.9937485046
35.4453735283
35.7801428046
35.5467583232
36.9837272733
35.6003030714
34.4365820739
34.562043969
33.8339842642
34.0070719906
34.2184569543
35.2081324659
34.6045974664
36.1135385504
35.3142307177
35.7223931703
34.4741100954
35.0418986816
35.6046392796
35.2307568236
36.7416384409
35.2967890409
33.8885372098
32.277135989
31.6474957787
32.1471790828
32.7320098485
31.5611613395
31.634323172
31.0287182086
32.2345017747
32.0187748561
31.5558437235
33.1720028457
33.1630265117
32.8883059203
32.4411491452
31.266766023
31.9491154428
31.2273092455
32.6590971262
33.6166770485
35.0030286338
34.7499817383
33.9103635155
34.1356286652
34.6252355036
34.343695522
32.588321812
32.0787570621
33.8005622193
33.7960206523
35.1058619836
34.5503165995
35.3199266346
34.331014421
34.3540080421
35.0679365382
35.0434753941
33.8356941285
32.4789278864
32.5870841344
33.012740929
35.5006127133
34.9353167913
33.6414364976
34.8962027541
34.5250908595
32.8642824991
33.0542771552
32.8037498636
32.431783112
30.3762833265
29.8065441803
31.3818015603
31.3795596075
32.0662911775
31.2611987484
31.7422460414
32.4531872286
33.9724541473
32.5930510583
32.5700308989
31.3680115914
32.2782467191
31.2621809313
31.1061759715
29.613998036
28.6698545894
29.5577760462
30.7222006012
30.4170564012
31.4696585771
30.9427189536
31.1773244587
29.5585424237
29.9224628856
30.0159894494
28.8120480374
29.6233372982
28.6281889023
27.1553819458
27.4154177181
27.4167226236
28.3063579856
28.8241619525
29.0636517136
31.1001889217
30.6249854178
31.6937156991
31.9009242215
31.9827579866
32.7468873328
32.2141481956
32.5964964462
31.4567252089
33.0685156502
33.1826559615
31.9573502322
32.6692974002
31.9545266466
30.8128086169
28.7822728574
29.2363225781
27.4796175574
28.074282301
27.4473570126
27.8553361989
28.2920489152
27.4915629737
27.5126854301
29.1194956232
29.3047908681
28.0831382362
29.9216438527
28.9653805353
28.8329411018
29.3669196896
29.3800970938
29.3251699161
28.8075360758
28.3325972323
26.6111030921
26.9222789517
26.4364463346
25.4526902085
24.6207888147
26.0241119476
26.6924412717
25.9978491111
26.0760895538
26.3680495131
25.1514280352
25.2963304887
24.808527457
25.4588373934
25.3947944607
26.1352626047
25.0509254889
25.3661309808
25.2622337492
26.2759439586
26.8923179535
26.6318228046
26.2769483472
25.7619454534
24.3871710956
23.4513333548
22.335209013
22.2411133971
23.4083860437
24.4216892362
23.0389087566
24.2679300256
23.4714286936
23.0433907564
23.7553434552
25.3541356139
24.444369613
26.3036258922
27.3452055144
26.3533917259
26.9212032243
28.0395105267
27.2734686238
27.3254677767
28.2399699781
28.5884256039
26.4459804429
26.9851429951
27.801902708
25.9271418277
25.9259859602
26.5108772196
27.1647365923
26.6560449567
26.28703509
25.0236881843
24.4355158172
24.8974002118
24.8845230014
24.4027000196
26.0842216311
26.7246766001
26.8678647012
26.1819313991
27.6785159771
28.8796113607
29.9859456089
30.0081082474
30.2803819816
30.6122893699
29.5805311865
29.3346052156
32.7035014663
32.5771282934
34.4696547316
33.6433210991
33.1858813159
34.8171753327
34.4332075608
34.1515270119
35.5518133262
34.9685047887
35.2774008963
33.4461974303
32.7147715278
32.3463460137
32.9051198466
31.3666360434
32.1414979804
30.9957793588
31.3767598961
30.7165903793
29.104808794
28.1952574336
27.2012877482
28.4875409142
27.3403158792
27.4517982583
28.1380000751
27.7447914805
27.2130997454
27.7793180491
28.9044981283
27.5095738241
27.0926463458
26.8724823597
25.9026922174
26.2728356767
27.3863133023
25.2845876206
24.5726796359
22.3828371841
23.4195111986
23.958385622
24.3150028141
24.3421462333
25.449229097
25.2800184657
25.4314605175
25.3253756955
23.6770179496
25.1585923972
24.4438441347
27.3243643512
26.8775078537
25.7269566253
25.3678082569
24.5829477967
24.6110678597
23.3624388348
23.4959105043
21.0346432283
21.098458395
20.7674501359
20.5907853758
19.4777548858
20.1576129151
19.9443196364
21.312518197
21.2064920397
21.7298422904
21.505467609
20.9158818818
20.3276992358
20.5772514257
19.9364725932
20.6644639409
19.9652809623
20.102593757
19.7810940228
20.082244467
19.3287135073
19.1852768966
19.8602187896
17.7493853504
17.6102656129
16.7120434833
16.2536388828
16.8454616446
16.9754944992
17.3249456305
17.3839403292
16.6676607955
16.432674196
17.186320353
17.809252485
17.3865279341
17.602511815
17.730027264
17.7647215323
17.174890182
16.3331286724
16.459277173
15.2916508971
15.190441595
17.331620061
17.643841452
16.6247203395
16.3626207053
16.5101469244
16.6603570545
16.9826731676
16.006567654
15.0249662661
16.1616227174
15.9524168529
16.5665754604
16.3088138754
15.5496777621
16.390349354
17.3157533918
16.2062553911
18.0703362476
18.726345465
19.2491827686
18.4986088278
16.6853680202
16.8373442129
17.1415927625
15.8757727318
16.7952543676
17.746481952
17.5517384155
17.9934312178
17.7536270555
17.0218995879
16.3627840512
14.2327390738
15.0652620858
14.1244006407
13.355794213
13.809304758
14.8845256449
13.7291297844
15.2985953865
16.364220449
17.0979433804
15.3449152812
14.3621197421
14.3306664108
12.5784851992
13.3828878247
14.9069457283
15.0647377189
15.7007462326
16.4839975214
17.2438959017
16.4872463832
16.8314016978
16.7187710587
16.8806741444
15.1714905154
13.6349914945
13.7692970418
11.7758181668
11.2782140839
11.3482536408
9.3580810244
10.4992994827
10.8423309527
8.51618865809
8.47572028531
9.38301682774
9.93733462808
10.4452624868
9.42465658556
8.94818746827
8.60289987659
6.60378452668
5.5899706198
5.32944401864
7.063937501
7.61974074283
7.94828788026
9.67217907273
10.2278829309
12.8465596608
11.4580924211
11.0690835727
9.17980329035
10.3153495501
9.13160901293
9.75731664346
9.02298880542
8.11739476822
8.99142145818
8.689280689
8.9457235744
10.0740968078
9.48639998729
11.0487491213
9.9445849706
10.208792073
9.568127982
10.796088732
12.2911044457
12.5649408867
12.4316570566
10.1698830553
9.13072591057
8.46208439442
8.47849517364
9.17718791227
8.34588139868
9.05940527774
8.91272439395
9.78289318643
10.1020154707
10.4103877742
10.2558516657
8.68438009333
9.25379972325
10.4858201461
11.96161147
12.221690607
14.6716365949
15.5620921607
15.327706357
15.3581793232
15.5630345947
15.5509544145
15.8253981472
17.2938648311
17.6258597353
17.7177397196
18.3591358201
18.4889519321
18.4383274275
17.6929277435
16.9420402688
16.3271209104
16.9072832495
16.3125005911
15.6612846174
15.6133617482
15.6202359567
16.4716624805
17.1346950812
16.8420720789
17.3653833689
19.0480146478
19.1008110633
18.1159849049
17.9617185701
18.9350494326
17.2914650115
17.4680438947
17.8699577972
17.9826368685
17.1553458239
17.0322593978
15.4944211277
15.0552858546
14.1041234178
15.4387357716
14.7211627665
14.4711882836
13.1560018312
14.1224601594
12.2089117013
12.0026177526
11.7981389712
11.702907761
10.631507712
7.87299167154
8.85674005052
8.67331262151
8.21147088146
9.47340636335
9.21983741998
10.6811231573
8.94904250251
7.82221559624
7.90816215125
8.43437203152
10.40824953
11.6957545005
12.0571329326
11.9416246517
-0.531923085706
-0.0748285518034
0.690507976469
-1.39670199084
-0.38508612947
1.06421444839
-0.246868753145
-1.01497057116
-1.32376568708
-2.38078114368
-3.51258121354
-3.8824763128
-4.09725670825
-3.46662845434
-3.24842463422
-3.84590455247
-2.93019421733
-3.69162633777
-2.91348317492
-4.29213352492
-1.90243416235
-2.52356219488
-3.42468125092
-4.30421677502
-2.59972444587
-5.4371273654
-5.14050352749
-4.06891566867
-3.30271044812
-3.45662908117
-4.73064018884
-4.34021373406
-4.27721656297
-5.06970816877
-5.57140509881
-6.86244584692
-6.11277624909
-5.93038115073
-5.51294746211
-6.22372724057
-6.28899067987
-4.20656191666
-4.15306907843
-3.80486751947
-3.25191987529
-1.37483653914
-0.96255797301
-1.54107900139
-2.25871325968
-0.319610713163
0.941056981882
3.28398205696
3.37195873026
3.7890476532
3.476133042
2.52860209586
2.01155299003
2.69605736128
2.09397355487
3.19478664114
2.73638307936
3.16967462426
2.73468310819
2.95825540535
5.65485501767
7.20611339523
6.76069707676
5.87352114436
7.30415331719
7.61415695802
6.9236839816
8.21167096837
6.47767421789
6.17350029593
6.33896726879
9.2172196643
8.77254016914
8.66941807313
7.24327573063
7.34976207957
7.09456357721
6.85485879088
6.27651116659
8.00552037439
6.68168938281
6.73391749662
5.81178334723
6.91355226797
6.46489375242
5.89874817708
5.69999212656
5.87722027495
5.47833030036
5.66351206226
6.27691186843
5.54746983166
6.08509936799
7.87687455856
6.36446815064
6.24765220954
4.50009349241
5.34630656138
5.47319461609
4.59236824774
3.58258235764
0.905952814582
0.236094051043
0.840064451888
0.38104606416
-1.12145853797
-0.699650282503
-0.967536019672
1.33901675717
0.44345387705
0.472572915911
2.02436894868
1.1400120791
2.02088399968
2.61759991184
3.2196176515
2.15689228419
2.08505033686
1.28967064089
2.53313880402
3.36941788501
4.21419500456
3.15944688956
4.10940938475
4.05923599751
3.13893544303
3.64774784364
2.59696813691
0.845923116759
0.214446278353
0.53200129639
1.04804750331
1.21233852374
1.65332256178
1.82774704074
3.15198390953
4.42085992034
4.10854857534
5.72618106611
5.74002685072
6.70874529213
6.1895385098
7.27439823241
6.99812571986
6.25928038169
7.46232608338
8.26021654442
7.50739271578
6.5558146245
6.2015211603
3.78659758948
4.34554011401
3.27801285352
2.85530074545
2.7261251912
2.41089791943
2.87343781468
4.54335098882
5.38171875144
4.37201912897
2.63378176809
2.9213490951
1.54749769374
3.65150262108
2.4273075317
1.91862702045
2.79656940974
0.616348913177
1.34550547529
1.84821481994
1.48315570918
2.05422870138
2.44713334314
2.70226056613
2.15350098739
1.64137197641
2.08671779646
3.11131596116
2.03442136116
1.17011191118
1.4988925077
3.92654496735
3.05226516671
2.4596930119
2.83547172282
4.7684645074
3.2519954665
3.79628920124
3.59732921267
3.65707349012
3.78757309072
5.52403185573
5.533604717
6.17495167522
4.51520848595
4.95687296437
4.5570361607
4.27191883717
4.49767818619
5.44846768137
5.03885958008
4.93523862834
6.84674431441
6.42036036763
5.25347295251
4.93483498151
4.73809421725
4.94695216098
3.21979975791
6.11756712937
5.43906906844
6.05412344199
4.40741430118
6.16198125282
6.64607150608
5.61582962443
4.47553314061
4.44970999709
4.05763981539
3.9409383656
4.92211449105
4.3756401619
3.88984418034
4.18253595817
1.65627745043
2.81613089313
2.9857075555
1.89658110295
0.918760237629
-0.330188295042
-0.353874409848
-2.63394814731
-0.763174698624
0.0115594211001
0.957539889494
1.2995435189
1.76268832613
2.49029304363
3.42043692368
3.8622357952
4.0661426359
2.77937859992
2.86813055068
3.39457275007
4.40905378068
3.64240920707
3.82043558368
5.45561179539
4.1299240498
4.69379403313
4.42490799103
5.49837195143
4.75389993367
5.65195937866
4.44944124652
5.32147640155
4.55568200594
5.15170599205
4.53497426475
5.13681533821
4.19011884469
6.91801896103
7.2739149848
6.42629181647
8.00120755619
5.68935852448
4.86308950845
3.41373583081
4.29065596684
4.94019817312
5.79437736543
6.79245524059
5.31119343636
4.59183647834
5.43151741458
5.60994160718
5.68788611931
4.56338306299
5.69967959589
4.0606595522
3.73370158667
3.71219300332
5.13045668688
4.68501930843
4.06647267158
4.22152456666
4.15433701082
4.40578789868
3.5855577019
2.20847441128
3.01390110545
4.55347608554
5.46009532842
5.35555933322
6.03494333712
6.15097995364
5.13063463138
5.68624173849
6.07442596404
5.02975600656
4.58339206829
5.76511129902
4.08285185084
4.86396388097
4.84139882093
5.60371647655
4.62900105432
3.07655026953
2.60247628874
1.62413309782
2.64776412764
2.39715489683
0.529016793939
1.35844727357
1.79211411907
2.31692072556
5.98076904859
7.55584897469
7.0149617574
6.96580815352
5.22516014142
5.89360032765
6.01995012709
4.48279952405
3.8843792533
2.13908993138
2.32553742261
1.08421571163
1.42078268183
1.10405481248
1.34536832913
1.51759367536
2.50638826141
2.39000913364
3.30264608345
5.14446984604
4.11224565457
4.11916197702
3.95232499363
3.21364739245
2.40417228819
2.22947593375
2.02739917814
2.23896412387
2.67942325203
1.69622564058
1.86710737837
1.51397100898
1.10379636209
1.12868139702
2.52590568207
4.00344755007
3.33887177247
3.18308245441
3.84323513368
4.82021617127
5.80083230165
5.54447529584
5.88286031262
6.70635333091
6.99547778758
8.9247128657
10.0159405838
10.7304139596
13.5543901659
13.0649612071
13.1654912811
12.4883067026
14.3964014796
15.4432263991
15.9055992525
14.8084064479
14.7336581475
13.5356052646
14.6723812546
16.9093143032
15.6865718602
14.7250480091
15.5971947718
13.7878070165
12.985364189
12.7385159116
11.6322017417
12.3734625539
12.8453070061
13.1821454797
12.4297001814
11.0434482593
11.972703785
11.6564233372
12.5207470276
12.686703124
12.4227750246
14.2112790039
13.5800808705
13.567533681
12.7550200228
13.9618545905
13.1181200544
12.839432777
10.8174294221
9.69636091825
11.2019036187
11.3471130185
10.7174400291
10.9839142058
11.6374724376
12.9420884475
12.3629643726
10.0495270804
9.75655621467
10.5061187683
11.8771714696
13.7985832263
14.0606671499
13.3439194947
14.4946828904
14.9249273871
13.7695061369
14.4553550036
14.7370587273
14.7966115057
16.2920171134
16.6394460022
16.6695303175
16.2856558906
15.4329527797
15.1340122521
14.7863354289
14.5660437169
14.774523609
14.7998288443
14.1494958026
13.5481250621
13.739445032
13.6063159951
13.3292026824
13.2408033718
12.2807645607
11.6506891519
10.6788397218
12.6838257073
12.5936706928
12.8791826739
12.3876207981
12.4288829268
13.1254279294
13.7859261885
14.0206874068
15.1177585423
15.9194699272
16.1837179283
15.8643659572
13.9597090742
14.9886849297
14.0764150907
14.285290217
15.6632576033
15.8582054847
15.819565323
18.6695591771
16.984765947
15.9750389936
14.7583955029
13.9151280761
13.3794565751
12.9212650644
13.0265999162
12.3665470878
11.8508369839
12.3405940123
12.7902793612
10.8280485302
11.6991949273
11.7227164391
11.2977386003
12.2834692451
13.6330686298
14.3950599781
17.1738573221
17.8862648536
18.538232265
19.1503897342
20.2758925845
21.3013877686
23.2282962731
21.8099948782
23.598637403
23.8024802445
23.9051567732
24.7880400972
25.9683825853
24.8760562218
25.9785991076
25.7735150814
27.3042882563
27.0830882517
26.5225695278
26.8393892154
28.0222858857
29.7517943185
30.0379053382
30.3375949602
30.338222968
31.0864259775
30.7186312759
29.6763324121
28.4584898381
30.0244973881
30.5355008168
29.3338415787
27.4585605283
28.6397375434
30.233945784
29.9562765568
29.7058984313
30.3464028217
29.5989120791
29.7311306602
28.4698151807
28.3571589986
27.7743458764
26.4769660329
25.2063680874
23.5868694749
24.8235641768
27.2240049962
26.573964619
27.6297238339
28.2276850489
28.8365211967
29.5016303591
30.0592522496
28.2560148163
28.6275603525
27.7576896487
29.1921731242
29.0780312637
30.0786577905
29.8969476913
30.4516456252
30.8904820852
29.8580457391
30.4211425516
30.9115493167
30.2810426944
29.6743707999
28.6436395662
29.5722530846
29.8731897619
30.7220259001
30.3733530933
31.50306956
30.3284613862
26.3683099072
27.3516301943
25.7471701609
25.6846445091
25.9787820531
26.6554256516
24.8967030637
24.1720025316
23.6187956302
23.0902928615
21.9121592452
22.3117178127
23.2886709058
23.1623424533
21.5635776233
21.1839743531
22.4882203847
22.2774067568
21.0768869899
20.6589056742
20.0066191907
19.1164638748
17.243505059
18.5648297099
20.2930058928
21.2873187663
20.5797289953
20.5426311197
20.0987627105
19.2934659926
19.2187380542
18.1275255032
19.6179239883
19.7165699967
20.1092671496
20.2188532161
21.7074823029
22.6953981648
23.1632275162
24.2452208964
23.1211586154
24.862444777
25.8045305038
26.2621358909
26.9908280438
29.1247286239
31.1726431422
31.4607172382
32.7221456411
34.0843963121
35.4145916432
33.8689798119
33.0265889112
35.4690000738
34.7950598611
36.5347795386
35.9119031123
38.0749749913
39.2405214319
39.2754727743
40.1294141977
40.204122525
40.2635740607
39.2016279067
39.6872642035
38.9077648815
39.4601151235
39.4738452249
38.9832519767
38.8145900007
38.6517347676
39.4994494438
38.4029292108
37.6539924223
38.1175593668
36.9600567027
37.4008922735
37.8473164822
37.8569104765
36.5098673818
36.3670933318
35.9492693397
36.1770556208
35.5320007311
36.4023790382
36.8680277925
36.6641084421
35.275405018
33.5456991373
33.1760742853
33.5526099524
33.8720197844
31.9082581034
32.2236476112
33.0503455806
31.6050718481
32.3730584271
31.7817712778
31.6700147579
31.9428845448
31.5600485508
32.4963035976
31.2077569079
30.6987927861
29.2215673794
29.6204593764
28.987865257
28.9697590086
26.7378737288
24.1946570611
23.2040124374
22.5475665075
21.8639316509
23.1466606937
24.5546813852
25.4831559813
26.2028674059
24.3545179091
23.64945263
22.9972567969
22.9714241293
22.1467821689
22.2474036266
22.3885335383
23.7677152843
24.2317946949
24.0343478318
24.5046926228
25.4356231648
24.9112405728
24.4408071755
24.5612232798
25.443307164
24.5078193837
24.5898766521
25.9447164613
24.4498877781
24.6023245371
25.4586079556
24.4425139126
25.9800286969
25.0774883177
24.1312492628
22.5276045333
23.4063488244
22.8564566574
25.7561446699
24.7363414864
24.4340680016
24.6082450128
23.2605558931
20.7842190181
19.4655609553
17.0472040521
15.6122560347
15.2978572864
17.2304839246
16.22308592
15.6596996276
14.5992786192
13.7231522448
12.4125300241
12.9212793531
12.2134203182
12.0946378387
11.7965095024
12.1812526929
14.4714954699
13.6288557734
14.154976228
15.3277823452
14.7604034742
14.5932917622
13.2296895894
12.8312843233
13.3732573233
13.4245211313
13.6423999833
14.3842439382
15.491243368
15.4710427735
14.4440587312
12.6615593923
11.395788442
10.7395295125
11.3257705923
13.4268279845
14.4604297844
15.3113594167
15.9986411873
15.8764397496
13.841217097
14.8424618076
14.8790834357
13.6541209186
13.9023208163
13.0617777394
12.3016959579
11.5129265896
10.0317683287
10.1273860172
9.0965430374
8.52608537416
7.98501781956
7.21471718571
7.68653062149
7.1921049405
6.42509798598
7.82559136491
6.57108180121
4.09725231082
3.34363242805
3.94946690444
4.37220610403
3.84310856026
3.64627605017
4.27175243578
4.61970977107
6.87650033412
6.31670427449
7.26428599345
6.9055900624
4.05042538225
4.49143188881
3.7100834833
3.63001187855
2.8778239435
2.12873349185
0.237519258152
-0.149653988881
0.426306715207
-1.98932071442
-1.64088801135
-1.42641994176
-1.38879063331
-1.82287771938
-1.40069315057
-1.58751767958
-2.53577091776
-2.99475446483
-1.9717863595
-1.00622006118
-0.658717385424
-2.71353875412
-3.20246054483
-3.47560987632
-3.31179002693
-2.4244312132
-1.35506986671
-0.0957771869871
2.15601957831
1.6890402716
1.95817495238
1.22939225656
1.55561021952
0.519868917424
0.350890404728
1.44407666634
1.10329780247
2.47317581656
2.76537085112
3.25008916381
4.92646613648
4.81808724382
4.46815458667
5.34236725869
6.40865432117
5.82179416052
5.86336272187
5.74056769475
6.35405126885
6.51117613677
8.53367208875
10.176617832
10.93785722
10.0061553282
11.2800088584
10.9472573687
10.2777488997
9.77337598555
10.2457021288
9.49299522091
10.5203493649
11.432986518
9.69007198624
9.67356053864
8.3819017134
9.15678471766
9.22165462213
8.53346509003
8.87300690158
8.33606074263
8.62685031033
10.4868926974
11.3637192779
10.7510663195
11.5681793467
13.5146145688
12.7826164943
11.3934649111
10.1443647807
8.96242699448
8.27230462296
8.06141445091
8.15667479728
9.43936563305
8.93443944205
8.91888100985
10.0450335887
8.78415670686
7.6952525914
7.3486962548
7.76072080908
8.83075542039
7.83034159536
6.77761486082
7.68338975346
6.626764952
5.90261923141
5.37394173873
7.64771060243
6.34417685294
6.92915966389
6.81831078871
6.9104586779
5.37241511806
4.28742806575
4.71475066999
5.10592991149
5.70800714959
6.51048874155
6.26862743251
4.45249035286
2.18092244193
1.06804828775
1.35614214241
1.13289712299
-0.00292719928384
0.272483284816
-2.612478909
-1.84445465239
-2.28309112948
-1.44459975149
-0.372905605817
0.146854071687
1.09177258006
1.77576943652
1.93687317128
1.25642235113
1.66253573605
1.19488735975
-1.1121550056
-0.142417161226
-1.05145035825
-0.102458517492
-0.109355908583
-1.26591465163
-0.308335520364
0.469436174718
2.5790113098
1.08407605658
0.394951733921
-0.103005442237
0.117261852882
0.939686372023
1.48030986791
3.62433826651
4.17914965887
6.10736365213
5.12285851665
4.2655161578
2.87620854838
3.64620594312
1.58024806263
2.64012547063
3.51876838476
5.19701642893
6.09239760287
7.01040242116
6.00851739083
5.6267533589
3.97963863167
4.69409349569
5.17121578984
4.16030682587
4.47070782116
5.36952017101
4.70120585401
5.29243892432
5.71282150686
4.03282078134
3.64645229598
5.11954032945
4.15451390984
3.14252293407
1.48416396717
0.376774011418
-1.13468404048
-0.6665228319
0.0620007981266
-0.35517751192
-1.57682977598
0.171572599629
-0.515174287188
-1.12253300377
-1.75326974458
-1.54149194178
-2.47784488278
-3.69593231786
-5.1985068437
-5.05506647299
-6.87910703492
-5.8886394138
-6.64982544625
-6.67702676029
-6.04136694651
-6.97124295888
-7.18817350904
-7.96869480347
-9.45638328087
-12.1524391104
-11.5756016731
-11.1813662248
-11.474364291
-12.001186082
-10.779329385
-11.5248472404
-10.4702176778
-11.5038361386
-13.6508346985
-14.5874296143
-15.0924834162
-15.9175611203
-16.5493532552
-17.327975611
-16.9179506956
-18.9181762551
-18.4947347024
-19.6775789721
-18.5821221068
-19.570852474
-20.0964305643
0.329958686722
1.35924904214
0.230903822142
-0.40424044961
-0.818353095004
0.183674760717
0.195841337396
0.348679249855
0.108926358432
-1.9355727064
-1.75208690331
-2.82108518887
-1.69265686814
-0.81076359147
1.19561914434
1.86388240061
1.23322890052
0.528511122838
-0.885728416692
-2.37803099018
-2.64522009742
-2.45853847018
-2.63130951068
-0.464200192423
-1.01548235774
-2.43103483744
-2.2756040612
-2.4830957127
-2.76438875301
-3.9531319727
-4.45244689672
-5.17113196358
-5.42710855906
-4.84047038018
-6.41909309034
-6.05436586676
-4.44686253217
-5.15860192587
-6.14643073736
-5.18847548484
-5.95326557289
-6.54702124661
-5.48230708637
-6.7019615043
-8.29864548252
-7.56279002028
-7.51408769796
-6.82727874687
-6.0615581728
-6.01280825459
-6.03931657632
-3.82340107755
-4.55955198055
-2.99491178134
-1.97070015705
-1.82653764653
-1.03068763993
-1.68300399887
-3.25411230883
-3.2338800604
-2.65581471243
-1.45572897303
-3.06384055012
-4.12441969254
-4.6825907106
-3.46043703524
-3.24200937587
-2.82391658827
-2.39093991629
-2.41910168864
-4.35002600232
-3.11397632508
-5.95258501318
-6.52403594701
-5.9147881743
-4.37784376732
-3.58559247777
-2.82646537065
-2.66930688181
-2.45892921419
-2.82523150241
-2.75260851673
-2.28258346006
-3.52918766334
-3.53641519753
-2.16035482672
-1.64107309989
-1.03843180708
-2.44799709079
-3.76975911037
-5.13463035446
-4.91195172775
-3.52711533159
-4.79494334255
-6.47848261544
-7.85482163374
-8.25943935016
-7.60646994023
-7.13753229552
-7.25243157423
-6.45308323958
-5.42884378079
-6.45614737682
-7.53560554097
-8.21593053513
-8.16767599681
-7.76649094811
-9.75746142474
-9.70580970582
-11.2346862504
-12.4410720004
-13.5957192114
-13.4298396045
-13.2610263534
-14.5472060903
-15.0001099107
-14.0996976826
-15.7520919461
-17.7414297709
-17.3644928019
-17.8059298194
-17.2789696243
-18.5273940717
-16.2405535367
-15.7538848482
-16.8910317335
-16.4657699494
-15.2550493763
-14.7326126368
-16.8392966366
-18.633913078
-20.7458599284
-19.4849286585
-18.2363339498
-18.7562975027
-18.5101412393
-18.1673672243
-17.3003012121
-18.3954721243
-18.4009232841
-18.4719031375
-18.0087837855
-17.5155515105
-18.6349863698
-19.2294424123
-17.5163925184
-15.1509303598
-14.0938551143
-14.5662218189
-14.5932429621
-13.810306998
-14.0044164876
-14.6068946565
-15.1866853053
-14.3072290714
-11.9368677068
-12.5485646511
-9.88990147563
-8.38251545828
-8.14674896704
-9.47903156963
-8.13235316019
-9.38445051683
-8.07218315076
-9.12966521405
-11.382831708
-12.6996707039
-12.9708903583
-11.7182455482
-11.6732356397
-12.7453001413
-13.25457302
-14.4175952045
-13.0825462123
-12.6258482955
-13.2601580682
-13.6414617543
-13.3382982252
-12.9582220975
-13.1865775102
-13.1636630329
-12.504543232
-13.0666399796
-12.5227161192
-13.9259772667
-12.8781659843
-13.8666660053
-14.7735433954
-14.7993757482
-15.5120820781
-15.1846775379
-16.010466907
-16.4753772096
-16.6711668591
-15.7291519746
-17.2256589264
-16.393789225
-16.5155172516
-16.8508556894
-17.6224722982
-17.6672926527
-17.5904535402
-19.0293340303
-18.2325690282
-18.6548669543
-21.0019511785
-20.6235366069
-20.6384658737
-19.0436791104
-20.2981718373
-19.4816507664
-19.7623405904
-19.3361758543
-17.5127799145
-17.5556521796
-19.0513634457
-17.9484615762
-18.0545334558
-17.2310093024
-18.6124463664
-18.046360054
-19.2402033341
-20.4244957329
-19.0440607189
-17.78611407
-18.4691408939
-18.5897542708
-19.5391138462
-19.8264183682
-19.3056826778
-19.3066352572
-19.901300659
-18.5091965053
-18.6965896229
-18.423165269
-16.7318315474
-15.4171870046
-15.6687046574
-16.2247723433
-16.2248482831
-17.7595972316
-15.2700331244
-14.6100453724
-14.7668671512
-15.3103408301
-14.5371894024
-15.4532341438
-14.2169257466
-14.8717154809
-16.0801069369
-16.262856027
-17.2022552919
-17.3152658233
-17.8742068537
-19.485373796
-18.5933438127
-16.887382206
-16.4615186382
-16.9099259625
-15.6230266468
-15.732443834
-14.4064847443
-14.5912311161
-15.099068831
-15.2967433155
-15.91738174
-16.3383056315
-14.220816662
-12.591280182
-13.7978614798
-14.1012233983
-13.6445983067
-12.8369125576
-13.2635751043
-13.5253437102
-14.6323661217
-14.0043299342
-14.5702730255
-14.9225260364
-15.2054209682
-15.487164545
-15.2533581332
-15.8709936623
-15.783807874
-17.3282349338
-18.9368831432
-19.1961023735
-18.9185712098
-18.4862031662
-18.5337752457
-19.1014953228
-20.6506287845
-19.3993515275
-20.9209351628
-20.8041964959
-19.3669449675
-19.8321480369
-19.4379204545
-20.4182894297
-20.9695982853
-19.3493516288
-19.9376696559
-20.2128785584
-19.2617685611
-19.9077028975
-20.6778905767
-21.4607597019
-23.6372056545
-23.5949015773
-23.7761262085
-22.6105754279
-22.7595748599
-23.8717388703
-22.8186731846
-22.0576508633
-21.7142120962
-22.6191524381
-22.7772851681
-23.7721926472
-24.463456104
-23.688722508
-23.2924166731
-23.5137815292
-24.6847956537
-25.6103838114
-27.2400333376
-27.6601652803
-27.5036539372
-28.145887213
-28.178889144
-27.7205210351
-27.2711076965
-26.7570539493
-27.2758567246
-27.4748230314
-29.3144619735
-29.6560278958
-28.6197218362
-28.9150973931
-28.5093431639
-29.0693517499
-30.5336281461
-31.6011636077
-31.1593522482
-32.8785530923
-34.6672778675
-33.7279983794
-35.15574566
-35.8962170225
-34.0551086577
-33.1325794325
-33.0519272291
-32.5263371365
-32.591321207
-31.99964338
-29.6959054521
-30.8868450375
-28.3475037416
-29.8851299223
-29.8143851417
-28.7079099957
-27.2260571596
-26.7439818104
-24.302340677
-24.8279818177
-25.3503724943
-24.6656072086
-24.7432162031
-24.6819792994
-24.8092532266
-25.1281641664
-24.1678992507
-23.7921588392
-22.3691993205
-23.9124812761
-23.8114622157
-23.8442503732
-22.7515980032
-21.4907418296
-22.2193726935
-21.7520658005
-21.5633127498
-21.01892597
-21.16524571
-21.9632153027
-21.1202242236
-21.2254443334
-21.8295725881
-21.3510337196
-21.7888303224
-22.5462241385
-23.9602686436
-22.801434244
-23.442942199
-23.6252321308
-22.4411038478
-23.5533808364
-24.1169952525
-23.8176821785
-23.7665561794
-24.0073880662
-23.1085593353
-23.8205414368
-23.7059798769
-22.8281984844
-21.286674722
-21.6081495183
-22.0509802385
-23.1439560336
-22.6544119968
-22.6160858195
-23.0533077923
-23.1315644681
-22.6368832814
-22.5212641282
-22.2209553137
-21.588457315
-21.8496029304
-22.8752838503
-22.5200260949
-23.1057386014
-22.1252828434
-23.2451994291
-21.1520438942
-21.3180989046
-22.8037914286
-24.3463885912
-24.6956097036
-25.1259746632
-24.7334681581
-25.2573690163
-26.084830693
-26.2901917511
-25.5590501381
-25.0786518239
-26.5106468967
-26.7632769476
-27.9362045736
-28.8823899478
-28.1862512069
-27.6895990526
-29.0556306336
-29.4322373647
-29.8415360713
-30.5723539881
-29.8749293321
-29.546596391
-29.4649033137
-29.0906073858
-28.8431834836
-27.7926569338
-28.9490684093
-28.9719471509
-29.7388292329
-30.7368350053
-30.1952645864
-29.777789397
-28.5922156346
-29.725133809
-30.9962764863
-30.5621639604
-29.4557240531
-30.7457650884
-30.2486724217
-29.7309423391
-30.8989750954
-32.0249084731
-32.4091317845
-31.3294829309
-31.2528298236
-31.2048600926
-33.6531017372
-33.4142733362
-32.3426824502
-33.3574156388
-34.1503888039
-33.7082167179
-34.2365572486
-35.677125267
-35.1702643869
-38.2733036372
-38.1291647809
-40.219934859
-38.4925125487
-39.729595145
-39.1791733993
-40.1341125948
-39.0811249042
-39.6761272532
-42.1582934587
-41.434118531
-40.3706322633
-39.2752712355
-41.2594901575
-41.0348485666
-41.7197097909
-41.6192704895
-44.1425708592
-45.2120108483
-44.3359424623
-44.7720650565
-43.758779606
-44.7237294535
-46.2757607258
-45.262221301
-43.7526527114
-44.6009892436
-45.5378230092
-43.5280080162
-41.9390068576
-43.6497635385
-44.3055788945
-45.2166819672
-46.6578265074
-46.8929007616
-46.0420745516
-45.2198317571
-45.6162672752
-45.1783564037
-44.3519678005
-44.8063548744
-46.0095940405
-45.5761722454
-45.5741071281
-47.5395223081
-49.2681302006
-49.3870165451
-52.3166205532
-52.6344625248
-52.1931849891
-52.6751952265
-52.9564187539
-53.2103300764
-53.507996674
-53.2937897832
-53.3128884154
-53.4964727902
-53.7877490752
-52.9055348835
-52.134343918
-50.6526545368
-50.8644913839
-51.295387965
-51.5129158018
-51.5255936583
-52.7753666187
-53.4823225943
-55.0140794525
-55.5230221322
-57.5136198087
-56.8974805855
-57.8086971709
-55.5350994121
-55.1642104018
-54.68861673
-54.7170763625
-54.3926687587
-53.0969251943
-53.8516282089
-52.1688170053
-52.1824431011
-52.4311299025
-53.5149687356
-53.6080118981
-54.4270653444
-54.3273604864
-53.6104044313
-54.0044909993
-53.6452867038
-53.910628374
-52.8100660389
-51.5251351868
-51.5839611802
-52.1388145642
-50.6958044608
-48.3445904982
-49.416133875
-48.0327462647
-48.7631138207
-49.1755347424
-49.4719175363
-49.0638910632
-47.940194572
-46.5787611525
-46.4189338302
-46.3598628528
-46.3777893052
-45.9219061202
-44.9969764205
-46.0393588098
-45.515342956
-44.9356158927
-42.9176842383
-42.1769288216
-43.9034235814
-45.2624524617
-43.2468293291
-42.3583776706
-41.1294420485
-41.8173287943
-40.865254015
-41.0669924811
-40.0704689529
-40.2265147096
-41.3595647766
-42.183043211
-41.0949171082
-42.4269881048
-41.0842444997
-40.4189975074
-40.2387387935
-39.5877804069
-40.4070948571
-38.9234431273
-37.7204936361
-38.4089639682
-37.9530221059
-36.4118488995
-35.6513350781
-34.7648760553
-33.9929982441
-33.8300351927
-35.3925473796
-34.6017698281
-33.7386223794
-32.9508177548
-33.9526219027
-35.1151445706
-34.1819795042
-32.8496428947
-32.7012363535
-32.3833902578
-31.286465233
-33.0176464278
-31.8160673173
-31.1957044301
-32.4824980285
-31.5818695955
-31.6960145288
-32.0141979789
-34.0553723699
-34.6813717077
-35.8024909421
-35.9374633093
-35.507584749
-35.6836088648
-35.6721892848
-35.8093578646
-35.9959540611
-37.003744605
-36.5582378267
-35.398142033
-33.9900492435
-34.4609368845
-34.2344422224
-34.3552264426
-34.8923361684
-34.209003641
-35.6341109358
-34.5801307338
-33.6179618375
-33.208538393
-32.5917113742
-32.7892967439
-32.4015717513
-31.4277526881
-29.8108277086
-28.748652218
-30.2485545699
-30.4107476804
-29.5214806446
-29.3500788805
-29.1757350398
-28.6295686742
-28.3212613505
-29.0712373709
-29.0653990454
-27.2522903012
-27.5681539438
-27.0957808434
-29.0311753275
-29.5725179367
-28.5849285246
-28.227137786
-27.4545892501
-26.6748295484
-26.9132577906
-28.6017494263
-28.5542372812
-28.9212175578
-29.215975531
-30.5872022338
-29.3433260447
-28.4201687496
-29.6384828339
-30.9235915753
-31.7146698541
-30.1808292133
-28.8675140403
-30.7960262415
-29.7028800765
-29.2353058939
-28.0288356719
-28.4691727087
-27.7375842997
-28.4195741635
-27.583409758
-26.6318882194
-27.3253471566
-27.9509930442
-29.0083389708
-30.3721049939
-30.977414545
-29.9257469563
-27.7752118375
-28.5065556997
-29.4713893419
-30.3317989258
-32.3431119559
-30.4464046516
-31.3946599593
-31.8027313034
-31.1518368125
-29.4905096665
-29.8527641086
-30.1149191455
-31.2338841765
-32.695737753
-32.9524043137
-33.7666566552
-33.7766722232
-34.5098328853
-34.8983814471
-34.0388190768
-35.0378871998
-36.1635829435
-34.773941829
-35.3625094122
-34.8317076087
-35.6449548997
-35.5758451523
-33.0825680073
-33.0806628467
-32.89195019
-32.2708407856
-32.8852471972
-32.2277421586
-31.4794358546
-29.4634889415
-29.4991912758
-30.2214680172
-31.3291419184
-31.0948367829
-31.0533564837
-32.346600675
-32.1753703996
-30.5210020533
-30.7425945153
-31.6579987688
-32.032446718
-31.2165855082
-31.9744608724
-32.7810915406
-33.2630226534
-33.2113763003
-33.260976476
-33.6318526828
-35.6048597164
-34.8592112501
-35.2403724532
-35.8004594492
-35.1363596107
-35.402983097
-35.6140469536
-34.0882700692
-33.1686039823
-32.799557473
-32.3734922914
-31.9667511637
-33.61068613
-35.0927686252
-36.2370320489
-35.8596387607
-35.3210296146
-35.0707029252
-36.5803943868
-36.4623924036
-38.2786120707
-38.5984206991
-38.1885153947
-38.5972091959
-36.7813775951
-37.0935970127
-37.9671937672
-38.5844644324
-38.5971214417
-38.4509193619
-37.6796134742
-37.5034080118
-37.1583912048
-38.7831916557
-38.4054780696
-39.8581857839
-41.172654078
-42.0346833815
-41.972552804
-41.863481697
-42.8451974986
-43.2263406411
-43.4325348558
-43.1966286933
-44.3285031202
-43.9164145857
-42.9441015307
-43.7528040693
-44.4845264552
-46.4843763531
-46.5493242018
-46.5789321682
-44.96977174
-44.4217496021
-44.4986028275
-44.4684110504
-45.2281660963
-45.155976011
-44.3495132841
-42.5546419965
-41.6363235235
-41.1877206565
-42.2355761161
-43.0444139595
-43.2299171798
-41.0589009951
-41.2156169664
-41.0231830708
-39.8754296865
-38.4701875781
-39.2229766588
-38.4200917937
-38.6690780706
-39.4038102559
-38.9322747637
-37.7580343859
-37.2968091349
-38.3254357382
-38.7824470823
-39.3583829609
-40.2451655594
-39.4630670381
-39.379641163
-38.538919383
-36.7096595302
-36.6385639383
-38.7342382878
-36.5944393089
-37.5303161173
-37.122616858
-37.5664565693
-35.4125183433
-34.4384724358
-34.300899435
-34.2151847094
-33.0467784718
-32.834166926
-33.9243383384
-33.8291758566
-35.5871553488
-36.657178885
-36.0879306095
-36.2770560399
-36.4995308235
-37.2618549073
-36.5232139495
-37.4815335494
-38.3800806232
-37.5437794043
-39.5136888133
-38.7294463793
-39.9550014854
-41.9451215438
-41.7267189968
-41.7540453346
-42.6844259605
-42.0303609468
-43.2821741605
-42.5250254136
-42.2849832514
-41.6745037322
-40.9715117282
-42.2871225937
-44.1880352922
-43.4319940899
-43.2595942356
-42.7110272888
-42.7348330817
-43.1235224649
-42.5237612885
-42.0693378251
-41.6521567924
-41.5519381705
-39.5125291042
-39.849744466
-40.0913983673
-39.3754349786
-39.3547622525
-38.8412224255
-37.3903520608
-36.5661027602
-35.6265826575
-35.4367995212
-36.2714387006
-34.9351660863
-34.4439323552
-34.6158023913
-34.1724832396
-33.5639531922
-33.7313111195
-35.2061390004
-34.4242780187
-34.6681906347
-33.8427482693
-33.4513900986
-32.8475185933
-33.5186612914
-33.7356926218
-33.774021424
-35.5210989812
-36.4837744586
-37.1796930465
-37.5678781615
-38.2318156779
-37.7801522142
-37.0753480324
-37.7485738738
-37.8032007415
-39.6187808444
-38.8392624246
-40.3027106062
-40.1184333742
-40.3384243585
-40.5218037755
-40.3049697624
-40.5248699604
-39.7579367038
-39.4971378174
-38.9986862364
-38.8662959374
-39.8721445721
-39.254625872
-40.9093750278
-38.8313593212
-38.1186399333
-38.5260857702
-39.0094444426
-38.9915882311
-38.3933498506
-37.6133837454
-36.4664624472
-35.6117777535
-36.1482596434
-37.1357062714
-36.7542951939
-37.9344218764
-37.7219141035
-37.5069360998
-37.6225809667
-37.4261808372
-37.1252971065
-37.7522813397
-37.2842232483
-37.4445087918
-40.6124276859
-42.9293535908
-42.1844923003
-42.6160892222
-43.4773275117
-43.2820427124
-43.5184096173
-43.6540142143
-42.8797781174
-42.9768584097
-43.6197621487
-45.1438772175
-46.0653921334
-45.6031718743
-44.4835123037
-44.932145261
-46.2265391548
-47.4309622172
-46.7816326586
-47.5050225858
-47.8000505935
-46.7703890602
-45.9268069604
-44.8685674782
-45.0228798456
-44.9906072232
-44.2564542412
-44.6327495178
-45.4143937139
-0.571705982681
-0.390321649648
-0.537208871565
-0.753997557051
-1.18857020654
-0.755065326049
-1.56298066902
-2.59485398566
-1.95718291628
-3.52888096867
-3.36259049993
-2.33381507645
-3.51700935369
-3.70546616704
-3.58639369823
-5.01557184578
-4.10241133715
-2.97116847728
-2.47487929707
-1.93131807605
-3.06385425976
-2.60294680063
-2.03041074677
-1.35601435046
-1.1205915462
-0.47214363147
-0.846516178193
-0.698505723284
-2.06908882753
-2.66120115813
-2.6611349349
-1.82444161283
-1.86618990885
-0.269645521751
0.518871146697
0.761513068075
0.907948591558
0.391551215422
2.76886852739
2.69732353597
1.57401085022
0.983946441765
1.41406064271
1.73989307448
-0.517202031473
-0.801209966121
-1.09788899247
-0.674211135544
-1.21720786194
-2.13838501754
-2.50703481084
-1.14692061884
0.578279106462
0.917025287274
0.215000505728
1.80558693672
3.35464556149
5.05438839633
4.81149861198
6.34372081959
7.73540859637
8.22187881996
7.72230597426
7.78163453631
8.53488665794
7.99191345629
8.3290910723
6.75248361368
5.89583982825
6.53764911679
6.61098285237
6.56872746039
7.82488316301
7.56975724898
7.11934637804
7.34694941243
6.30149503347
6.94390654892
5.32661846099
5.64709324237
5.10227185283
6.23794123491
7.12509429085
9.26145870689
8.41891095982
7.78393623314
8.82553767746
7.8221659307
9.1928735307
11.232708304
11.5357156788
12.167660224
10.9784093631
12.5862423909
12.1902625409
12.0803803148
11.8754177626
11.0021621044
11.5651360221
10.6152066343
10.6403261877
10.1874039317
10.9043365257
11.6243717664
12.1137438154
11.9859472876
9.87041031013
9.48239191889
11.2720088337
13.486417234
14.5404915204
15.5822188723
16.0485517729
14.9472884818
14.3905862416
15.1921267898
14.8511644389
14.2175815587
14.3430835215
13.9791136596
14.3876063692
13.3605693447
12.2385575953
13.0464874817
13.9122997278
14.6470075929
16.6310769101
16.2298223962
16.9589803102
16.778629803
15.1172595521
17.392040146
17.8369181993
18.155847406
17.0255618783
18.0528713992
18.4494631218
19.4742631851
19.7527336481
20.5449199681
20.6082478827
21.2057578307
19.6677379266
20.5389885225
19.4914868993
19.8319779809
19.9999700434
19.9186757011
18.9631663294
19.0708626559
18.1959342601
20.2091832562
20.6006609833
20.1871001885
19.5536120314
18.7474310577
17.1399909893
16.5277266619
16.4867876744
16.1856295108
15.0312674413
13.1504744344
14.685242495
13.9312062914
14.6354779595
13.8266389961
13.8509436617
14.0965658354
14.6809480782
12.8380144533
11.7836266718
10.4614753068
10.2623248852
10.7274422137
11.23030224
9.51308939095
7.81743379268
6.45595067667
6.22147784472
6.4237976152
4.8875554294
5.4438387524
4.34357552005
3.96363880265
4.4041315876
5.35308340363
4.67242096057
5.22803932187
5.45137167366
7.02371362267
7.69699100012
7.99730859335
4.95570758382
6.58644262015
5.80648745974
6.59552417941
6.85552949758
7.58211865463
8.56618503918
9.21409095567
9.03880189086
9.30877260524
9.51142858807
9.70674281536
10.5197063429
11.1205441272
9.92522978263
10.8136794829
12.2874900723
11.8958406099
11.3310547815
11.7806126349
11.6337150297
12.284515863
11.3743350702
10.5076664168
9.93836870983
9.84337770129
9.82003253768
11.0851582151
11.38984341
10.8527203005
12.0804808025
13.2956437417
13.1208360912
14.078610216
13.8774514795
13.0806557951
14.6645288663
14.6050450319
16.0246333611
15.5952592231
17.9294932363
19.5238927849
18.2479818688
17.208808178
15.67000056
14.3411321903
15.688699873
15.51916792
14.1726321968
13.5054335023
11.7267375924
12.1913742606
11.4390172123
11.6672934138
11.2286644072
10.9049102818
9.72910827994
8.82214215177
9.4792097984
9.25179691597
9.32413202253
8.44164305633
7.00014333453
5.97083305021
6.04245657167
6.74938052129
8.4169177728
8.3757260523
9.19822345041
10.1106905467
12.092721026
12.3705997125
13.0235350831
14.5034543234
14.5279255359
14.8093116038
14.8573090131
14.5792093779
14.7844658106
13.0884463122
13.0936892926
11.8408504227
11.8931603575
12.0165339297
12.1426033312
12.5958422596
13.0601236439
11.9522544909
11.9398582273
11.0188919209
9.94808027652
10.0429605419
8.63197464617
8.66205619186
8.55414481138
8.56299645837
7.67301170006
7.92001997932
9.72344509602
10.520986917
10.9316085659
11.1696030377
10.998358339
10.3143206716
11.3812998005
11.2731586371
12.1075311174
13.5950248546
14.9692134713
14.2280850567
13.1320798662
11.7401648548
10.8074366877
9.8519595167
9.04188507233
8.95292431475
7.57261259525
5.96736163709
6.5760980517
6.7294732771
4.62238439459
4.45851568437
5.43806402286
5.99133784183
6.4275606561
6.82131587684
7.70388871799
7.63293474005
9.06001365844
9.12461235303
11.450272171
10.2557433201
11.1874571424
12.358385061
11.3896146875
13.2275582909
14.1067904625
12.7700116865
10.6546198959
11.6918996083
11.9465889803
11.4467754638
10.9832417962
8.50714556377
8.93801193975
8.35302947305
6.68900230351
6.30555439086
5.26407167154
5.10087968895
3.81026564797
2.88710204987
4.59350904769
3.43986593427
3.94917577798
2.92883192501
3.3784061262
3.327810966
2.78993345256
5.79595985941
7.53998840741
6.89408835878
4.99721516031
3.14067557863
2.28585756112
0.644149086506
2.08329700683
1.74428692393
1.54919602868
1.05103826009
2.05719481704
2.78546067684
3.10559414851
2.70548702613
3.02481580057
2.40122306048
2.52063174776
3.02744944021
3.57740355589
3.92217169337
3.62274617951
4.62663561201
4.84648640267
4.48136182043
3.96141562723
4.9490139595
3.5201536097
4.25102320028
5.47861089636
3.64936688485
3.52786208945
3.69335822432
3.2579032434
4.51894792854
5.1241415078
5.32379225468
6.28849236113
5.24075743317
5.74696039226
5.97084799383
7.43163480178
9.2535929113
7.83104264864
5.87689983453
5.30434885383
6.33713041206
7.1632730887
7.69562128127
7.48406575456
5.30759300801
4.90207033222
4.79844089425
5.59014529733
6.34421434938
8.06694883172
8.40871194968
8.07919324393
8.62855710771
8.51241489828
7.66514107188
8.75530254497
9.3560792215
9.27770099484
8.16117405584
8.07547261855
5.98981550475
7.22754595462
6.37239163775
7.90087638036
9.17397735083
6.97218822732
6.98606853982
9.36569804759
8.50473165137
8.83911612573
10.717890052
10.213088038
8.70113610699
8.56234651893
9.86268962176
10.4605527321
9.96756408835
9.36615936272
10.1262563901
10.0519705769
10.6824218194
10.3400757669
10.2305506435
10.0793008862
9.84372980074
9.43972683821
10.8695831424
12.0226476647
12.6354010074
11.2406896595
13.1557605556
13.3248086089
14.8289160336
13.7717105964
13.7014592547
13.5126022797
12.041189414
13.5641313054
11.4339222906
11.7886386691
12.5378615208
13.4386147074
12.9118423561
12.5506873928
12.2295930194
9.62625323015
9.32307143296
7.96781385898
6.13636275397
7.79264997269
6.75044195388
8.51002121566
8.31596107526
8.22893539903
8.34868581588
7.9118101521
8.71014014105
10.5876259621
10.8329651372
11.547631381
11.7137791555
10.3343326943
9.34022363748
9.10114883992
10.2984933535
10.30938483
9.79386841447
9.64344801039
9.79479201597
9.8369880128
9.32625401092
8.02572635484
7.89997374041
7.63870094094
8.49477317021
9.17126941507
9.13465434484
8.7232414469
8.80866974182
8.40163579873
10.0356997545
10.2204100586
9.66016597129
8.82496061444
8.37507486025
7.27868717331
6.84084507002
6.17289022986
7.45692447808
5.58482482314
4.97173637269
5.181748873
4.88678418809
6.27423040595
6.86030794243
7.01644666658
6.62754999137
6.0791188707
5.5272349421
5.83787416442
6.12816133658
6.07148280916
5.34100882269
5.11187985209
5.99993310128
6.10668190751
6.46991278657
6.94829573335
6.33271999968
5.39573824791
3.45508973769
3.40052249765
3.64174729175
2.62536132707
3.59801457875
3.12274066372
2.37743616349
0.3072708746
1.56156906756
-0.0321181119098
1.14121057768
1.80896817307
1.89074569117
1.22262147022
0.0509196707303
-0.702513410499
-0.622316088135
-1.18156579737
0.521839806221
0.726183657344
0.524398777825
1.80461769191
2.63320483192
2.06751340059
1.48042591223
1.72369723283
1.03342381996
-0.228802504311
-0.096756669217
-0.731675900157
-0.670344198831
-1.76231915167
-4.62668971308
-4.02614192911
-4.72297331258
-3.95250470883
-3.49928537791
-3.8484145748
-3.4586965145
-5.1799846056
-5.33052243475
-5.74577337809
-5.24047673519
-7.27917065896
-6.17569565011
-4.88202430501
-5.55798108132
-5.74164079197
-5.66288591271
-5.34239779438
-5.70896859312
-5.20982079168
-5.51716393253
-5.61098921033
-5.29980587358
-5.78072639391
-5.87640288318
-5.81474917137
-5.45944386707
-6.03365596282
-6.19639870845
-6.84937976863
-5.95964016566
-4.40212173981
-4.17146534128
-3.43525822196
-1.31462619282
-1.92035487488
-3.1323005322
-2.8839100142
-4.88220456444
-4.862462448
-6.17136246425
-7.68976411639
-6.52107384299
-7.80752128339
-8.51991186927
-9.2415986064
-7.91429002455
-8.53001770429
-8.27993392335
-9.68387284207
-9.85517611408
-9.26826878317
-8.52015841896
-8.45061327221
-7.98584032589
-7.55427297755
-6.6137548717
-6.57899127221
-7.45021462271
-9.05118026351
-11.2704734707
-11.9894962841
-12.5684589719
-12.0973934446
-12.0897782645
-11.6475354285
-10.6622589688
-11.2008944436
-10.8431907159
-10.383333634
-10.0398770885
-9.25305777594
-8.75309912668
-8.46956106244
-8.43773353671
-9.78385349152
-10.0328456422
-11.2164626936
-12.3715544142
-12.5479583048
-12.9211948296
-13.362744984
-13.6750311767
-12.9371930994
-13.9820223738
-13.8224778499
-14.5559945197
-13.8684845367
-11.7973013352
-11.4756271723
-11.5883722593
-12.0146990514
-12.3754065442
-13.2225981216
-13.863754102
-14.2391697097
-13.0241016535
-12.3713807561
-11.3970788711
-11.6732566486
-13.4968104119
-12.5134366477
-11.7212855086
-11.902683171
-9.95024802845
-9.5149979544
-10.6925985132
-10.1006974584
-9.41090757238
-8.3760928243
-6.45362390534
-4.93611847322
-4.43990065891
-6.71831653236
-5.34425238366
-6.00596205738
-5.75416582833
-6.54213061619
-6.10078398525
-6.46912556803
-5.12442954987
-6.68526555944
-6.03790683373
-5.74105096687
-6.14557575049
-6.62329564964
-6.32034642593
-5.12524279281
-5.12277528372
-5.05448639474
-4.77323242125
-4.55211355018
-2.46968572658
-3.09923107919
-0.53606898195
-1.49239718063
-0.165766531632
-1.65148501724
-1.12591547536
-0.12695256202
0.0340587249299
-0.796040945108
0.436173094472
0.333113664721
-1.71938580222
-3.66100974214
-3.71888610224
-3.89390240736
-4.51543655451
-5.85082566711
-6.50175188952
-6.93491001004
-8.59805589933
-8.94772546405
-10.788156723
-10.7046891137
-8.78554109986
-7.97809487771
-8.58268549074
-9.16369580144
-9.85789788108
-10.1605710858
-9.81343354498
-9.90728885486
-8.9580104594
-8.34845857328
-8.48360728158
-8.53208523247
-8.20871216331
-8.85287185261
-8.35756650321
-9.10326009864
-8.94330917938
-7.66347186654
-7.30634769237
-5.16763921693
-3.92108783007
-3.38440469751
-3.09380528912
-2.19549419511
-1.05231581056
0.518372240355
0.394312736705
-0.110178987111
1.85759894782
3.23154357982
1.90263356005
0.545782841864
1.91596208869
2.59859284902
1.84740455658
4.18088717418
4.13300563224
3.32967723685
1.96786217062
1.87905829581
1.58722611776
1.45859086713
1.70251165677
1.51732106221
2.27169880831
1.67075234019
1.05022416492
0.057819637386
1.24344146638
1.75905128948
1.57230908632
0.940182894646
0.482242352488
0.75706199091
-0.177825877361
1.47224869705
1.53397482507
0.356540950366
1.34007933969
-0.134987276051
0.719323556238
0.503106376987
0.36251694724
1.91444048753
0.868116598117
0.844726238611
1.33929222687
0.227455885667
0.869789112631
1.25526252908
0.9657756079
2.24711526569
2.43187606835
1.68645942804
2.30958037908
3.16234625397
3.02104260855
2.27655471859
1.158419191
0.767751009012
3.25431860571
3.32586442505
2.75566499202
2.73593466259
2.24446046089
3.22633169885
1.93146691045
1.56103102638
2.31131509774
0.996658729701
-0.361760875002
0.458474268021
0.797601666248
0.286031019617
-0.37094011961
-1.59564920404
-1.72460527368
-2.82383021811
-3.01655351339
-2.49329495522
-1.12205004391
-0.264735718453
1.62003876142
2.9309992298
2.41852145329
1.69833800908
0.529987786726
1.48158407983
2.35456867358
1.92433881586
2.89074888454
4.5552819817
2.14611521563
1.28682255557
2.14447632337
2.81363086445
4.03417875482
4.64786463985
4.40014114018
4.61419327772
4.32929619421
4.83326289552
6.81228142694
6.63037750442
6.56950507105
5.80483959898
4.62306558897
4.70505081164
3.78748358733
3.58027919671
2.0803517176
1.65356525668
2.41284935877
2.19948025443
2.53810592656
3.24760466435
4.1185194542
2.94393493791
2.72905780091
3.6490669508
4.26931120018
3.66574523121
3.58506715974
3.20267602348
1.34981459366
1.21478306784
1.11565321937
-0.425794714738
-0.498787681044
-0.370500608527
0.340885783619
0.961737569604
0.893577781712
0.628280472711
-0.080796323687
-0.617101041989
0.737076752943
1.28295186435
-0.341296118846
-1.94276335436
-2.31580573971
-2.64549994519
-2.59409893019
-1.34915174843
-2.47965135339
-1.83855276744
-0.354948150184
-1.01566034561
-1.30904547472
-3.63800818778
-2.88501526586
-2.92041141853
-3.50139781913
-3.30789114844
-4.26290022657
-3.33408663552
-2.96376438409
-3.5493020689
-4.98790175457
-5.16134015298
-4.45730093074
-5.90065883896
-5.70133788125
-3.74491364399
-5.88125159307
-5.00392546744
-5.59175613149
-6.25676064876
-4.31061050095
-5.61663686851
-4.96007525328
-6.79775074671
-5.63500852151
-4.27114698379
-5.9325972636
-6.94818537357
-6.94689072342
-5.88963326504
-7.28309000302
-4.93168025564
-5.6087614388
-4.71043121344
-4.02642605281
-2.55101916168
-2.95148901294
-2.69535805908
-4.29597853653
-4.53887517067
-5.27081591622
-5.11912966693
-6.15411085607
-4.77979002365
-4.33468977614
-3.30668155662
-1.92172099148
-2.08394578959
-1.74094960335
-1.26535762178
-2.25648709615
-3.51101668548
-4.56635168531
-5.0917391967
-5.47892458384
-3.90501639334
-4.09934051967
-3.37445980749
-4.05376924337
-4.86295241027
-3.81358896625
-4.3328344633
-4.4342855399
-4.63386553578
-4.90051674936
-4.29977161135
-4.68936075589
-6.14564484709
-6.06903457734
-5.53758515383
-6.70954576579
-5.95492183368
-4.2136886679
-3.7201308712
-2.92719255985
-2.03910071195
-4.23582194312
-4.29452088103
-3.49072216603
-3.87671595082
-3.79433859424
-3.51404378455
-4.79783468513
-5.91887246044
-5.92314009861
-5.51569623462
-4.48327499823
-3.73297092399
-3.1096181695
-3.17204665296
-2.28953947515
-1.02899434005
-3.68885859838
-3.60781331727
-2.04813874257
-3.18448380659
-2.32342942687
-2.39343871657
-1.19090915551
-1.85872825109
-3.04377902478
-4.82698886601
-4.7746946951
-5.45982681824
-4.0663631379
-2.43560144138
-2.8902282268
-2.11548939748
-2.5607662838
-4.47310028077
-3.26850020986
-2.6663393543
-4.07567867642
-6.5750914065
-5.20142216077
-5.2291324628
-4.20134511519
