1.7106393123
2.57466608584
2.73726104346
1.50990642102
0.694164998718
-0.239194166092
-1.38569780755
-1.52028094565
-0.341643005443
-2.31599065758
-4.80958507307
-4.11787686953
-4.40073876149
-5.472652399
-6.08220790778
-6.49761865613
-5.64259225491
-6.08384000284
-6.33519966928
-6.18391892781
-5.73632415398
-5.39136041025
-4.93030960579
-5.54864269772
-5.62909276352
-5.33348611292
-4.90564689003
-4.00119490777
-4.3994030689
-4.83310458218
-4.47340222123
-4.41983166534
-5.68399388029
-6.23814175383
-4.37575165034
-4.56511572498
-4.42139370107
-4.53994396371
-3.73016302342
-4.05919937534
-3.90147307687
-3.79709033563
-5.249141557
-4.9786532224
-4.77741180629
-6.58650361487
-6.72448465055
-6.86819898037
-5.49313088663
-6.22844169902
-6.48050006366
-7.89466335598
-9.18654706979
-9.85934039834
-10.7368246549
-10.9379616353
-10.9718855296
-11.4220843357
-8.53335926545
-9.01292248032
-11.1543356381
-13.3742098493
-15.3322404637
-14.0189408705
-13.7521013537
-13.6462858967
-15.4699866907
-16.3137008297
-16.3868232864
-16.819962687
-16.7438059949
-16.1156633799
-16.7676157781
-15.7241819264
-15.5471142063
-15.6795266347
-15.6274731435
-13.6865161646
-14.9203226106
-15.1588356951
-14.4277170545
-13.7956200037
-14.5916082851
-14.3242213674
-14.9277694543
-16.9602055989
-16.472657093
-14.8403803718
-15.0408442859
-15.9721120316
-16.2329550767
-17.2388652825
-15.6710198626
-17.0539165665
-16.7422246461
-18.3141204866
-18.4669027204
-16.2000135659
-16.8083578074
-15.753065272
-15.5221239644
-15.5188986999
-14.3665766975
-13.6772989744
-13.2743725547
-14.0603828133
-13.8555350216
-13.8153280845
-14.6637343634
-13.0703773135
-13.9792999124
-17.0321497018
-16.9044837619
-18.215726607
-17.8700643777
-17.0571411411
-17.5078043794
-16.3863032318
-14.8123487208
-14.3821374523
-14.1299347707
-13.0504798112
-12.5245142858
-10.564488925
-11.7728088277
-13.1081299582
-13.5003232512
-13.8003160268
-12.544130253
-13.8085638398
-13.7590832299
-14.4092892437
-14.9274440594
-14.3540113843
-15.8609464223
-17.0806557487
-16.0686187418
-15.7716615422
-15.3141244927
-15.9518929591
-17.2271330089
-16.1492791154
-16.7839036425
-17.6716811082
-16.9233585518
-18.8384572761
-18.3902200433
-18.9383725035
-18.7741008892
-18.2679501167
-17.4888161744
-17.3428971515
-18.714664269
-20.231070013
-20.8244584026
-20.1019259592
-18.8702607281
-19.5057990555
-19.6081467561
-18.6319481173
-17.6301732201
-18.0530480053
-18.3125332128
-18.8919875081
-18.8902595022
-17.7664649231
-17.4529348007
-18.5484145429
-20.3740418389
-21.1867341122
-20.4926025656
-19.6012730897
-20.6740681234
-19.7650994395
-21.8744542528
-24.9395371448
-25.4283001996
-26.1084894041
-25.5887027102
-26.9804318244
-27.2028263836
-26.7882064995
-26.7232900947
-26.2034107817
-24.6326362375
-23.2580699555
-24.4087281811
-24.5451658901
-24.3387569623
-24.7804747922
-24.8113849458
-24.297915952
-24.2548032557
-24.843048968
-24.6912300412
-24.7502675226
-24.5624697406
-24.2164220144
-23.4925379783
-22.011561784
-22.8302199735
-24.7034342218
-25.0744705283
-25.8363588562
-26.1392736999
-26.8716006224
-26.1761432807
-24.2571744022
-26.1571961292
-26.6197429198
-26.3491197001
-25.6507273705
-26.6776993832
-26.5376836559
-26.2332999669
-27.0186737389
-28.3940325547
-28.5998535519
-29.2815869366
-29.9569679337
-29.1898927506
-29.1570453647
-28.4979285549
-28.1623648138
-29.5999016859
-29.7248022825
-30.4716181764
-30.88799629
-31.7062496019
-32.6949472255
-31.1941418948
-30.4844268007
-30.8840639538
-31.4924881636
-31.8883178789
-32.0213743892
-32.977355033
-35.001951729
-33.8415476128
-33.3068884395
-32.703621262
-31.9939458117
-32.4737145784
-32.3941571625
-32.1419914846
-32.4517833968
-33.2944276305
-32.506597774
-32.2240601795
-32.1289827085
-30.6188982598
-30.6622296602
-31.6205862149
-30.474732324
-28.4687421349
-28.5083667929
-28.3356275101
-28.7906873389
-27.7997758091
-28.4273693393
-28.3042038439
-28.8606260754
-31.0676534207
-30.9267730559
-32.1697089841
-32.6979951381
-33.3227302199
-34.2420421751
-34.1357850841
-32.7959088597
-33.2693668244
-33.1460608522
-31.7884933467
-29.6466335977
-29.7952681824
-28.5788595982
-28.2590447818
-28.5717565761
-26.873610547
-24.7226800518
-22.9305954152
-24.2564665455
-22.3452597261
-22.9888566107
-21.242986274
-20.1069457692
-21.5007042816
-21.4645595135
-20.7299856404
-19.9088722408
-18.6991396309
-20.3925437623
-19.9448244743
-19.8236793399
-20.4296037849
-19.4954807402
-19.8778881825
-19.1505508213
-18.7440642305
-18.6278520819
-17.9456339703
-17.0437313205
-18.9593569854
-18.0929682344
-18.2135050764
-18.5431742064
-16.645811247
-17.9271888705
-18.516490439
-19.475222757
-20.3239442199
-18.907764832
-19.4217979775
-19.0816345794
-19.2322888732
-18.4867464708
-20.3967391667
-19.8677566051
-20.6002544725
-19.7534437727
-21.3594377268
-19.8416352648
-21.0484464842
-19.9372994802
-21.1535498958
-21.6818954524
-21.9748775465
-22.1336807066
-22.6169211016
-21.9286612999
-22.3120575551
-21.6153898263
-21.1810485032
-20.9211838143
-21.09796354
-22.122414598
-24.7119615893
-26.0589755068
-26.8089618451
-26.9078789786
-27.7108498724
-29.0968042793
-29.4693259435
-30.3356068156
-30.6386978736
-30.7183376383
-29.4937594862
-30.9223258203
-31.5110691132
-31.3419516924
-31.6615119416
-30.7511172406
-32.1819300197
-31.9510274683
-31.5923267259
-31.6381789332
-31.3869751392
-32.7510834122
-34.5692863515
-32.9934229829
-32.0959299233
-32.8943518919
-33.8506834706
-34.5180019153
-36.1724877114
-36.7660940871
-36.0820793517
-36.6995849539
-37.4324911957
-37.7067514631
-38.2988755799
-37.4716735227
-38.7434642808
-39.2873972743
-38.2234362756
-38.7621942613
-38.8496951905
-40.3818155843
-40.9154392991
-40.4478470099
-39.6594657351
-38.771149541
-37.6477878397
-40.5544938567
-40.8805133165
-41.2388251357
-42.4347846044
-42.7574806079
-43.1619114055
-42.1834487573
-42.8486936225
-41.6492840006
-43.0199597368
-41.8872761271
-42.1120723328
-42.5750065269
-42.3490040992
-44.6132080825
-43.8409873773
-41.5897516136
-40.8979517716
-41.3151530866
-39.4269455724
-40.6255156009
-39.3263259924
-37.0941544846
-36.5407478677
-36.3772692147
-37.0455080943
-37.6258491117
-39.4660800211
-38.6280303793
-39.0941330842
-39.5632684741
-39.9659401713
-38.5684191666
-40.1031846749
-39.6409163447
-40.0802650483
-40.0567627207
-39.8418442031
-40.5662691295
-39.750332646
-39.5097749303
-41.0834827347
-40.957280173
-39.7585589945
-39.7150749636
-39.2686518664
-39.3535181704
-39.9691157381
-39.4430685144
-39.9365457909
-39.8325759078
-41.0892985557
-42.2553933608
-41.252700212
-40.8993159887
-39.8082645844
-39.6848195804
-38.4273425096
-38.371317171
-38.1804227783
-37.5292982199
-37.6191400602
-38.3339030751
-39.3573745723
-39.4798437817
-39.1952504732
-38.2975940688
-38.5493145508
-38.6749093989
-39.0350038902
-39.4415184405
-38.4090503443
-38.7748306779
-39.0000256388
-38.9528067044
-39.0346409712
-40.2670608766
-39.7029603053
-39.6757319994
-38.845817713
-38.110440821
-37.3554383407
-37.6450495286
-38.1923326202
-37.3223552061
-38.5268231705
-39.5866545254
-40.0622758181
-40.1218369806
-40.0893164219
-38.3296525589
-39.7792638056
-39.4523571286
-39.3219665979
-40.7743843354
-41.1085216103
-43.3253333443
-43.0138408121
-44.3128329596
-43.8386152443
-45.7917141533
-46.8139090819
-46.532547295
-47.6664704718
-48.3486925644
-49.0972112485
-48.5694927352
-48.0349664857
-48.0186880803
-48.9543066816
-47.9376682583
-48.1477375668
-48.405715401
-49.6557237983
-51.0997976608
-50.7112845477
-50.380958839
-1.38775587859
-1.55878532642
-0.65515219353
0.667903186247
3.47091110768
4.06666921855
4.99497591543
6.56525135588
5.92799788796
5.22376504481
5.59318534205
7.16440551466
7.33543168636
7.35802790041
6.73687592358
5.20048592624
3.90667875398
5.87450001386
4.91585883127
4.18914527557
6.87896350443
6.48079560615
5.19719098921
3.73013015356
2.09485855826
1.47277690521
0.338597988067
1.70568120318
1.12459163004
1.18803927122
0.447544836589
2.21351269315
2.87158237204
2.76350876856
1.66317484408
1.10504495295
0.131709071157
1.21166866384
1.60589771144
2.84686019861
3.60588980408
2.9985062405
2.76849637589
2.4922310822
2.61163275309
2.05533001802
1.85866442946
2.14852187209
0.992478301521
0.8619566138
2.6474764858
2.3215616595
1.55266322124
2.00480007884
1.45761411165
-0.852441841934
-0.80553890948
-0.360419119264
0.124027539013
0.44505806321
2.70552202331
4.6675346447
5.64068543213
5.69017956354
6.42845886368
6.36308471233
6.55590560136
6.11446904373
6.15555258719
7.3972576704
7.46863424812
7.77795623609
7.22563203307
7.96231139542
8.99571175502
9.90228199508
9.62449619799
10.410800173
12.304667634
13.2383793363
12.6242283644
12.3396942906
13.2856140367
15.7702335813
14.9094905876
14.1537391951
14.5068500142
13.6541617755
13.5465648648
14.5785660212
14.9983487896
14.3990489738
13.9340887723
15.0586537506
15.5623441441
14.5357137427
15.5949330263
16.8115759045
18.5228218446
19.4021158047
18.7094652162
17.1026047422
17.0284936256
15.9632771998
16.7991866997
16.9843340202
16.0856030466
16.7318170985
17.1712696691
17.581497518
19.2362313778
20.2575763202
19.5892812823
18.9737066134
18.0223323274
18.2049146675
17.9991302703
18.6192820487
18.7143532281
18.2230901758
16.3913252603
17.5135978071
19.0159089714
18.8339572032
17.6863364028
17.7041106491
16.8154111554
16.7062389563
17.2888045604
16.213332212
16.3455850206
15.7122173425
16.1426236003
17.0350967223
17.5845581204
16.9697864885
16.2124871534
15.8856588146
16.1981593279
15.8003812061
12.81596411
13.8987026052
14.999098369
15.7219278035
15.6579938067
14.9027018747
13.9471120353
14.7666504847
13.4210070567
12.1395490597
11.9705229269
10.4371420733
8.95746315756
9.52173923725
9.92441865359
10.7902409437
11.8866919808
12.7419865641
12.3219316626
12.6318490925
13.0383013899
11.3008092421
10.9772654877
10.7148236518
11.6905224115
12.5009689908
12.0374877796
10.9960774094
11.6999376248
10.9243085103
12.0415421306
11.4163235842
12.0685748811
11.4635178101
12.5810923053
12.6104603023
12.1445002353
12.996763634
13.5824837387
14.2782927051
15.5470595018
17.0599536042
18.3448687077
19.1607119344
20.9691155366
19.6399415951
19.3026538919
19.9842749356
19.798936591
21.1831956841
21.7320011703
21.8803859787
23.0667283056
21.8156529788
22.1675080148
23.0959807271
22.8642916509
22.085938421
21.6691134468
22.1194348212
22.2396595572
24.0211287374
22.8036926037
24.0238133111
24.7575261949
23.9987459388
25.4192386337
25.9005883695
24.3844039299
26.6957149376
26.9871998893
26.9863663828
26.4101564072
26.4926258765
26.4814907089
28.0213677949
29.6606587324
27.3351307066
26.6956651294
29.0700399475
30.9877168172
31.5011873967
31.4748800332
31.6162313169
30.6205136229
31.2075200205
31.5551697335
32.5472290929
31.0957457594
30.430796568
28.7983655995
29.4054274262
29.6566393118
28.549342979
29.5524613013
30.9387122287
30.9692894945
32.7253805928
32.8671902616
31.5425426195
32.4596635921
31.6831552686
31.1302231819
31.8689845265
32.3379982775
31.1988553169
30.7845926173
31.4404031146
30.8696518174
30.8005319788
31.5900069619
30.0234428973
31.5259916462
31.9737381397
32.5622043556
31.946001238
32.1537607829
32.6653589146
32.7186499379
34.4024792899
32.767965255
32.9096257924
33.8265264032
34.20408217
33.9326965218
33.768930526
34.1897130524
33.5330560648
33.1200267729
33.6305188739
32.7768710904
31.9921278356
31.4694366085
30.5469167383
29.8148193659
30.3698181546
31.8977659349
33.3940444445
30.8908963581
32.0262113308
32.6275825546
32.9190067463
31.8668674096
32.4164363229
30.6879534842
29.9359451383
29.3701353627
30.3677743804
30.9049395321
31.7288973181
30.8210842427
31.3222100654
32.1851831981
33.4604845808
34.9173565131
34.9673207056
34.8342445367
36.2936362241
34.3509125715
34.1968265811
35.4465119372
37.4205752992
38.0610516819
38.0317136529
38.0390253223
39.2236625659
38.7411164581
38.4313790355
39.9292554184
38.6092349747
38.6131131269
38.2295250324
39.9360299157
40.437915548
41.1774226836
41.25496427
40.8655101899
41.9618993515
42.4875194169
43.2784166433
40.8024799537
40.5961748099
39.6290992508
42.7380595967
43.8093183467
44.7010420026
45.5509638808
44.4712659552
43.8288601201
43.0252701571
42.9893769926
44.1912431386
44.4449324624
46.2418458714
47.4076883953
48.2650757701
48.2061895219
48.0564028458
47.7474508904
48.7358807581
50.4808662056
50.6842583394
50.9980417501
50.8916142349
52.3145688018
52.9980244204
53.1474230483
53.1053946044
52.8659064121
54.0896740735
54.5114490602
55.5420175034
56.2387428105
57.1733394514
56.4511582325
55.6849734574
55.5110867389
55.0293565276
54.3534994046
54.5753847524
53.9841510345
55.0449589018
57.2551255434
58.355391272
57.2869672991
57.6897691556
56.8792852876
57.0134655718
58.4086340913
59.0896067271
60.2331803343
58.68865506
58.4750892242
59.3147250793
60.8228543554
60.2425411146
59.0616128667
59.4334069791
59.2105314819
57.904734809
57.851462455
58.4320015154
59.72328219
58.6893773786
59.066749656
59.6886558841
59.7582091992
60.2578040599
60.712433364
58.782646577
58.1961757746
60.9464606887
60.0871130046
60.1037165975
61.3741589904
59.0549808061
57.2184399412
57.2671810815
57.3922810955
57.3928144137
58.8144440846
58.7043111876
59.8162526335
59.5780526055
59.7885988284
59.9512614751
58.5140084321
58.4858383219
58.0360404502
60.6692592212
60.64389048
61.1813535595
60.7911770752
61.2527029821
61.8687389194
62.5264533941
63.9211712097
64.6938522866
65.2310319772
65.9648892542
67.403051823
68.6975845478
70.6413410197
71.4654936845
71.7211677249
71.6587739261
71.1940264568
71.9936619311
71.2540813946
70.8294867159
72.744035162
70.7680862811
70.7932773721
72.31326339
74.3532223703
72.7015022101
73.3499647796
73.9056440754
73.2894277136
72.8839224889
72.8202007546
73.4128727807
72.3362347074
72.9090536938
72.8231946472
72.4305557231
72.8121397998
73.520372739
71.7825411494
71.2271634682
70.4134839477
71.4042214536
72.2505044505
73.1105597525
74.2623976006
74.38569843
74.7678334251
74.7873135334
74.2241731585
74.4588445391
74.8105035148
74.667348977
74.629436969
75.2723750543
76.114249676
77.5469353346
77.1477761534
78.0263205307
78.5681525196
77.1184057694
76.8360612123
75.8887063376
76.0733813305
73.9374541983
73.8429582621
75.8018718668
76.4557846843
75.9880118069
74.147954077
73.9319585712
74.1889622093
74.1113349327
74.2630867407
75.7325490416
75.2735599717
74.9854371618
74.6367205656
75.9215981838
77.2935922962
77.128537328
77.2963975331
78.6298072941
78.7425130006
78.4804782366
78.9295508457
79.3391384297
79.4873165517
79.7428697488
79.1518239104
78.2111056954
-0.187744927081
-0.0932012577144
0.886366982155
0.721552760708
0.267583294785
-1.67778787997
-1.24932710184
-0.179740266641
-0.55652232009
-0.56224035299
-0.688956752424
-1.46633320647
-0.251090817914
0.298978766139
-1.93449422561
-1.72768939723
-2.85139342501
-3.25300778945
-3.97992782689
-3.10741682718
-1.47620120503
-0.853452740675
-0.84259987357
-0.773743484449
-0.768037193715
-1.05500363629
-0.311476980067
-1.24320188392
-1.46865645845
-2.05306258284
-2.50695687115
-1.9089549932
-1.10096890303
-1.11374088305
-2.85267633174
-2.68627536319
-1.92142459775
-1.76376641191
-2.32035029196
-2.99699422453
-3.64628774346
-3.04798534124
-3.26443129904
-3.11116457268
-2.70655198213
-0.868884767367
-0.423627295307
-0.991026292137
-0.56426769912
-1.49224742157
-1.70447389591
-2.08913541423
-1.58153073254
-1.43406000698
-3.14380646805
-1.91089513422
-1.3475492377
-3.25682484978
-4.02804514785
-3.27210851749
-3.3969267259
-2.58042257372
-4.08979915414
-4.59932463532
-3.45541052622
-2.83306195907
-1.9907688109
-3.04580631443
-2.99609218696
-4.20217647162
-5.20812352615
-5.01403498998
-6.97504302984
-6.10861996359
-4.89951416636
-4.70899650397
-6.30023622981
-6.22036804458
-5.19308920934
-3.83265183474
-5.62212529871
-5.72910265137
-6.03136958699
-8.1006876307
-8.03126125463
-8.72935439293
-9.72764810395
-10.3409442409
-11.0053912943
-10.6527328864
-10.7059977399
-10.9601694774
-10.657782011
-10.892279312
-10.1439826039
-8.64734380386
-8.0080332253
-8.16691838658
-8.87434772423
-7.92067438831
-7.72652610072
-8.28807353901
-8.79036284185
-7.79639807334
-8.10589313404
-9.26131997589
-9.4596135731
-9.53933060945
-9.39627747203
-10.8324979199
-10.5419203277
-11.1433393542
-10.8138656355
-11.7628243157
-13.4001144092
-13.0820666814
-13.7766342356
-11.9718323107
-12.7002589357
-12.21585956
-12.2908129877
-12.2976640391
-12.3706590474
-12.2760654728
-14.805167721
-14.1055343266
-14.6393050342
-14.51533263
-14.3204883303
-13.7735453156
-15.1326616724
-15.0952334156
-15.3029466964
-15.0654675895
-15.5914290517
-17.9899716327
-19.1144430668
-18.8127242432
-17.1871744719
-15.9829549257
-15.4470471167
-13.9691925643
-13.4589506617
-14.2227396673
-14.6158524972
-14.6923092865
-15.1380704669
-15.2540255132
-16.024154236
-16.4125796181
-15.7307734626
-16.2316958429
-14.2076342248
-13.2200964256
-13.8884892262
-12.381386314
-12.0500053967
-11.5326638169
-11.4040810264
-9.49654663582
-7.31801797582
-7.12437829741
-7.89131757075
-7.21377994802
-5.97192734266
-7.89874219519
-7.04364985714
-7.84654978686
-9.8749850628
-8.88706968967
-9.14074429273
-10.4988949575
-10.9787664603
-10.3775297797
-10.4702735842
-8.83163915297
-9.38644377349
-8.76473560363
-10.4284081015
-9.03293648361
-8.54052936832
-8.07744908965
-8.96454884054
-7.47575120396
-7.28079532435
-5.60808142345
-5.69169556304
-4.01303944507
-5.7313486375
-6.55808159296
-7.18407683
-6.141959334
-5.96680076916
-4.3851057968
-5.43272357888
-4.95142101844
-5.75675150849
-5.9191963729
-6.17548490635
-7.26582906003
-6.53629920112
-5.20667420253
-5.40401289245
-5.80425805213
-6.04749926194
-6.97882144311
-7.68520505293
-8.3314042417
-7.10464348416
-6.35888049065
-7.84977526607
-6.5107251854
-6.22881226003
-7.73803106227
-9.52067579099
-7.79508700462
-9.65362650704
-9.0307031768
-7.67720164088
-7.29506699941
-7.63801484866
-5.57168751013
-4.8263540489
-5.02642588823
-6.95614928791
-6.1833720002
-5.71784973567
-4.53809778441
-6.97953508602
-8.06046677751
-7.491514098
-8.20317756895
-10.3512704614
-9.40716736791
-10.132014664
-9.59971644349
-10.6665960835
-10.5290976417
-10.3380734357
-10.8396130731
-11.3498782814
-11.9998790064
-12.2723599339
-11.3685181876
-12.9016044154
-12.4319517473
-12.1015209793
-12.2287195614
-10.5173080734
-10.0431388812
-10.6903511878
-9.50538322038
-8.42386858236
-7.70312257687
-6.81571876374
-6.34199300081
-5.00897712214
-6.62843236855
-8.71783071469
-8.56258667584
-8.06937523336
-7.07942855608
-7.87868978512
-8.77159716222
-9.02688624153
-8.37487875567
-7.43334614394
-8.38381905284
-7.44880072085
-8.53309719158
-6.37456953979
-6.41917119902
-5.34958304027
-5.18749257739
-4.00394801622
-3.56047065278
-3.50173547659
-3.08293094258
-4.08714757763
-3.34164108397
-3.69708090656
-5.62425235304
-4.13234383761
-3.91610510347
-2.90664697342
-3.21169299775
-3.36600875792
-2.62766498481
-1.92806629995
-2.32719791506
-1.14743097036
-0.0884760232585
1.65779508807
-0.270528559128
-0.198122537925
-0.20585414087
1.48851194255
3.18337821488
3.50504970911
3.23442802851
2.31610206821
0.826214226329
1.25890585773
1.86142652331
1.14147830163
1.33209490489
0.665012290138
0.194663976998
2.15949988395
1.13672655064
1.07673072704
3.03423707781
3.60078327907
6.04327923663
7.10332236409
5.17552509544
5.78483620735
5.14805087946
4.86407105889
4.42320183886
3.25127129207
3.41030468404
3.58919403789
2.53374447313
2.70994162577
2.07724809536
1.41611081195
0.553502123776
0.615023680113
0.987959901843
1.11114588336
2.67727860714
0.950447316766
0.384746150528
-0.423398991173
1.81364863125
2.96390712391
2.84650043591
2.74356996646
5.64747583612
3.55886363824
4.88117791931
4.79723134514
3.8748677276
3.2662396422
3.46368548028
4.38971132459
5.80355767598
5.25240820766
5.00085034379
4.49252396741
4.60480177941
4.3878902688
3.43228599248
3.60470549034
4.66250664953
4.92204575898
4.3736177724
4.67745085353
6.25412714208
7.22802973111
7.99645927826
8.40938841623
7.08445280676
6.78069912025
6.90850001843
8.40353661857
7.93281297508
8.95807111773
8.46006672363
8.44049613284
9.12350813202
10.2188159901
10.0211591428
10.8015582284
10.3077930522
12.8185079933
14.2929013988
13.9874187485
13.5279266143
13.5796869815
14.2688686911
15.1520093934
16.1567227234
14.8374804416
13.6131469565
12.1583783931
10.7728631985
11.0697482316
11.9259260159
11.7606308094
11.8281359735
11.6917292433
12.3818682874
12.9108041446
14.7905477058
15.2149933699
14.0725025109
12.5347874169
12.9471490932
13.497754238
13.037901184
12.1903879288
12.3751749782
11.6629257311
11.9940313735
11.8739209714
11.7832182964
9.07446322134
6.26673359918
4.85202330324
4.66880350307
5.14533663967
5.19740125384
5.07397432769
4.74199795077
4.41207389789
3.36300541901
2.51471269041
2.26404282706
3.62381062657
1.93003427003
3.14121429654
2.85426140343
2.11454728207
2.62524094632
3.00761108634
2.6845603291
3.40516850358
4.60175381131
4.32044787582
4.17986644513
4.9803069412
2.81646576366
1.4402694609
2.84180101142
2.88807813286
2.49412440452
2.44952314702
2.734805978
2.12378467459
2.21937189022
2.87712751661
2.46974153963
3.03631678207
0.945037741873
0.988074014559
1.53449496469
-0.0412830172847
2.19027741419
2.92394829919
1.79885008189
3.21658725598
1.29308105415
2.04824344881
3.15364643971
3.89135765309
5.26153920488
6.0532708929
6.78651133022
6.34379863158
6.99307394111
6.29639001783
5.02824131646
5.29402626931
5.19745390469
5.21723678021
4.02670758023
4.20827515834
4.10040516933
3.39017101762
3.22242561559
3.31920125997
3.47479632053
4.16863364645
2.93031588685
3.35256472503
3.67124213731
5.65733671959
7.29563353337
8.60928559303
8.73408061701
7.21717844994
7.34917394632
8.490811492
7.58497025461
8.95157517889
8.89727510431
9.89766594481
8.99597370411
9.48725921645
8.02801642249
6.85449367794
6.58866507179
8.09474499765
9.3265533173
8.72197063145
9.57492206061
10.5368889134
10.6901949317
0.882485553679
0.779155613125
1.15583042786
-0.634163134021
-1.43215643383
-0.92042360696
-1.18640599839
-0.475333052277
-0.225675055467
0.57998098504
2.16484883521
1.66510461827
1.50025117964
2.32604265233
2.50900361581
1.69390578441
1.61094488222
1.69843365936
1.36723183288
2.31881356708
2.88534886862
3.55240522969
3.63487846526
3.50457420127
3.15043772652
4.10034626795
3.52704682329
3.69849014378
3.43027743523
1.68776305946
2.04828175803
1.56565506851
3.1728205976
4.13742691368
4.14276753599
2.61449191703
2.49955175594
0.968441152485
2.36125631906
3.55513043804
2.2367850354
0.76763713707
-0.393585764905
0.0473813767517
-0.841136600651
0.410216428194
-0.989936160727
0.775656383783
1.20456296351
1.16307276964
2.54388301952
2.0660316878
2.88006100172
2.55807102169
3.29728809911
2.32759837935
3.25120670653
3.63415115537
3.12694653099
3.14613095499
1.49552182276
2.20880547852
3.0143971121
3.21289689024
3.62764034939
2.40381865822
2.38625640407
3.79097216263
4.26169638
3.28186167287
2.46855272187
2.78348873717
3.64504359186
5.04021300679
5.93087060464
7.42072072532
7.05965984878
10.4201771011
10.0062645417
12.0448723598
12.7370979692
14.6046849797
15.5527721725
13.9115546199
14.7343813336
15.5393234874
15.3888527311
15.6585234324
15.6342834437
15.5574939494
14.9662416632
15.9113476985
15.7397187344
14.6025865586
14.7763807263
15.2776717701
15.8432755789
14.9956180081
14.6456774637
12.1969912467
12.8444766653
13.4720196383
14.6105727646
14.9058445296
15.1822191182
15.4351775614
15.5283706005
16.1001208776
15.3181208131
17.0649384184
18.167844007
17.0543978429
17.6839356244
19.4420013727
20.153174861
20.7750307261
19.9906635678
20.6413288572
21.328664328
20.0087370085
18.2019100417
19.6140487725
19.3431640941
20.5129533301
22.5708555502
22.5905299851
20.2080640253
20.4567089812
20.8942371708
20.405417962
19.2562649557
20.529576646
20.7621266501
20.444314005
20.2306010855
17.7088774755
18.83272618
18.8292440056
18.796850648
19.5122789392
20.3169949501
18.4391773664
17.2239621254
18.039417588
19.2747934562
17.5312315872
19.0348857564
19.8676944269
19.440923416
18.3805578234
17.4931754799
16.9711070927
18.2979026867
19.4865151317
20.0323134518
19.7377985895
19.0715483975
20.7763041724
20.8835924857
19.9097157299
19.3526824948
20.8790867458
19.3951767413
20.2222120311
20.4174120987
20.7833642792
20.4193467782
20.9466484704
19.8623928232
19.40361435
20.4784760111
21.8993700274
22.7001379641
22.0493871823
22.3507646816
21.6307137027
21.1565166882
20.0607610292
20.5783486023
20.7110731636
21.8193106582
23.2789901957
23.2277136949
23.4804017604
23.6308200385
23.2883275921
23.8771399543
23.2086507428
23.7736630747
23.067194201
22.2896023571
22.6679659329
24.247529045
24.548762247
23.9949773169
25.277947817
23.4276880721
24.3814445549
24.4401690738
25.2402353045
24.68218016
24.3161275203
24.6014380466
24.4318422431
24.8234124608
24.5854728787
25.3711599724
25.545097099
26.6059295651
24.3646387252
24.6511599912
23.3976373916
23.9343411229
23.8376546189
24.2198504977
24.0585001392
25.0098462954
23.872765594
26.5824162272
25.9277326974
25.5821996399
26.7299101767
27.8975173108
29.2645592442
31.1154477951
32.0839801685
33.3423186243
33.7440842832
33.7431812429
34.1941837672
33.4250291813
32.9487581167
33.5799211124
34.3335734648
35.5823569709
34.5060161346
34.071770757
35.6837991905
36.2922110231
34.2736314546
35.0203155383
35.1705293288
34.4612497438
34.100177923
34.3131101563
36.0321043403
37.6031520617
39.3695761025
39.2639956638
39.4477056527
39.3426457494
37.2766472897
37.261373894
37.0099778028
37.3777217406
38.6151084543
38.9282478404
38.8216640574
37.8642443781
37.5825700366
39.7201330869
40.0927933649
40.4299399534
40.4972989159
41.2232576649
41.3377562621
40.5692947535
40.2411676369
40.5519840553
41.9492099381
41.0999533574
40.9365224521
40.4121737383
39.8794475081
42.0215351725
42.1861324473
41.2204170383
41.0829641115
41.3325935838
41.8775119247
40.4517091897
38.8816325608
37.5613359601
37.645113231
37.6204336954
35.9558041136
37.9295709497
36.9918283491
37.0669635351
36.5741134119
36.1864426572
37.4757469883
38.8424180787
38.5489059819
39.5011724728
38.5083595537
38.0631502705
37.4434594667
37.4455139153
38.7280502702
38.5152683953
38.3835181998
37.9434149592
37.7240735882
37.3459671851
37.9059084479
36.8140955152
37.8628492357
38.705300513
39.2369756872
38.34910329
37.7179721027
38.4224447772
38.6199728972
39.2944307254
41.6563606811
41.3426565419
41.034132105
41.6490204015
42.011186086
41.2923002035
39.3973803189
39.9503927861
40.4495674765
42.6875991048
41.9112981116
40.8412981991
43.6307242795
44.096384571
44.297620465
44.8805487234
45.3412968183
46.8331282459
46.6612141026
48.0622590966
46.9390707985
46.4334455171
45.3923935388
45.7111437141
46.8183955822
48.0407186379
47.7396000081
48.4597703875
49.2463353714
48.7026157749
47.9923573748
48.8416396487
49.435076981
48.7485177344
48.5664042905
46.8250852312
48.8063352438
47.6101004691
48.1818222978
49.4577314467
48.8687638523
46.5830628212
48.5361765496
47.7799843529
47.7680124663
45.7678549472
46.0998974777
45.776844092
44.9741578036
43.843666213
44.59268179
43.5343931387
44.0560865231
44.7022333519
43.3570428423
44.4873569123
44.4201203838
42.9526788211
43.4212283664
43.0737555781
44.1064496002
43.4600828495
43.9697312699
45.108335206
44.92238517
45.602828528
47.1743632924
47.098595539
49.1668568077
47.9115927693
49.1452650573
48.8488662193
49.2033234749
47.7682101804
49.3703661396
50.9530500799
53.0594338252
52.5583071815
50.9158820177
50.5387361203
49.9561535473
49.3330651999
48.6642185117
48.9471233098
49.2181710576
47.7031722828
48.1116672694
48.1070181347
49.0215290771
49.5913402418
50.6283481589
50.2424197072
51.1472345098
49.871363506
49.6804175964
49.0344129735
48.8480670854
49.5353584596
49.5277260261
49.9301213949
50.0758638615
50.7334944657
50.1545614173
50.3881249629
50.145787822
49.6020086065
50.9105785255
51.3019154417
51.341237733
52.4998862174
52.7649532701
52.9238267656
53.5142590071
53.6353239536
54.0385480307
54.3879878623
55.2904304671
55.4745189499
56.3891387736
56.8912708847
56.3365268627
55.173381858
54.7964080012
55.2665022997
54.0650060759
53.0898837727
53.9161622185
51.8066911491
51.9289787656
52.9487947553
52.3534803453
51.9787945896
51.9496837507
51.3736172065
51.0182088372
50.983827025
52.0448906976
51.2057212354
51.7580886601
51.3285358595
51.1706251679
51.7124025675
53.2983000185
52.6989565313
52.2486356119
51.2206220414
51.3395124458
52.5438756369
53.0068249962
52.8149006769
51.8669488019
53.0479039103
53.0799700571
54.3179106574
53.6672001014
54.730980172
55.6778014393
55.410419706
55.1369995623
55.5914020321
54.9370057162
56.2244814981
55.8707556804
56.3919396206
55.651608668
56.7488034998
56.0234324436
55.2627287598
55.2260603069
56.0770512782
58.7110229828
58.0016016696
58.7399359126
58.0396576362
58.6494111228
58.0709775785
58.0671055969
57.692720288
58.2572857863
55.6731932
55.5659680403
54.7675864161
53.8427766536
53.9379125885
54.042452812
-1.42401419908
-1.74984914429
-0.298216386681
-0.162804065285
0.504528141707
0.672432571995
-0.185202293166
1.9044551676
1.29722557405
0.901818093913
-0.377714502525
1.06312479571
1.14000941657
-0.879572727007
-2.1369539622
-0.729233438052
0.19856363717
0.414847769217
0.149980360701
0.297786752792
1.69041941401
0.348957243855
-0.180995164636
-0.112869808509
0.0669706594597
-0.0657012214495
-1.20069751835
-0.466135510999
1.31049583391
1.75676568623
3.7446298823
3.73883537076
2.71880520143
4.34388174131
3.15650909571
0.63669984524
1.16031787887
0.935715911006
2.71499099153
3.17283731816
3.70739119624
3.53124473703
4.22864166564
5.46543974692
6.52429888686
6.36138196143
8.03034594136
9.25180669508
9.6487606807
9.3292190733
8.00864361321
8.86505073878
10.6449137039
9.23699684256
8.92154132862
9.06851401396
10.6448283695
10.5912855719
11.3028297945
13.3510962504
11.4806375241
12.1495433543
12.0804529698
12.3260293546
13.1724663398
12.113857421
10.3848049371
8.82472899795
8.73963686382
10.0214833367
10.3857108855
8.60800441026
9.45907789543
10.406045482
10.2580927651
8.44519035917
8.40309763435
10.1460946495
11.0858778341
10.7947122813
9.8094681213
10.1742303826
10.0694785168
9.91680440638
9.75915026219
9.30130119388
8.41348666066
8.61776517411
7.94430815164
8.09219941603
8.84022721529
9.03461011345
9.17142673197
9.08946693208
9.77574751084
10.2669904992
9.93972050011
10.7013382645
11.2602828631
10.7847075406
11.0391099072
8.91160587463
8.94593416797
9.66069242308
8.42147765411
8.54783843012
8.28193463551
8.01516259517
8.26462501409
9.98959367887
9.91386690947
10.5316555747
9.09236400844
9.8037151353
9.56565283388
6.80377373249
6.43348689573
5.54754430496
5.28852639802
6.05179945657
5.70108404937
6.02746883486
5.39275151481
5.36640173957
6.24401991491
5.6973322796
5.13637020311
3.34341632348
2.7459260294
0.945188189404
0.635867530477
0.912540310083
-1.07614605744
0.419682431261
2.21384973373
0.998234401909
-0.643627067121
0.194840931966
-0.430370968226
0.602259300463
-0.217808990855
-1.34667911209
-1.08662061989
-1.19711150335
0.331263653915
0.0678529222459
2.26737117093
1.47034207402
2.63904240446
3.77848101826
2.11742854753
2.90662403808
2.78203162216
3.83528411618
3.50628975282
4.61113530578
5.04370209248
4.55846625632
4.53063503742
3.67584642058
4.30972045721
3.84586523937
1.93719307655
1.88415673545
1.04962658576
-1.14378618558
-1.68934841312
-1.5671158997
-1.70915557768
-1.4665434919
-1.42581808807
-0.650424952925
-1.0879368902
-1.26337000406
-2.97024758
-1.45303215063
-3.31865761525
-4.27494375486
-3.82513032609
-4.23094855846
-4.63051268024
-5.01516097079
-4.60749023096
-5.20655403955
-6.41531122735
-7.02785835841
-7.95807461552
-7.83498781166
-7.40245003628
-5.76995373354
-6.80514302787
-7.23099390351
-7.17033943267
-7.77683024642
-8.2217111444
-8.66538342043
-8.7682929572
-8.48847692992
-8.48094992312
-9.34913805041
-10.1092317469
-9.4830372537
-9.78199029223
-10.7565025199
-10.9310489983
-10.9189933319
-11.3605107822
-13.609434178
-13.88930415
-13.1883739866
-12.5003154549
-11.8879857854
-14.2282671671
-12.464040986
-12.2589765983
-12.9420055184
-13.788792295
-12.2130618022
-12.6155301561
-12.5426201045
-13.3921896454
-12.3439595137
-12.0054185131
-11.0492858147
-10.6297569378
-11.5197157042
-12.8640941052
-12.141269498
-11.9809808081
-11.8384783688
-13.1669388243
-12.2096427604
-13.6133973213
-14.5895409284
-15.829604574
-15.5548052219
-15.3139082954
-15.4805143235
-15.1254613982
-15.6180589914
-17.3847737309
-17.8299003104
-17.4079348605
-16.7260040583
-16.9428163864
-17.519541672
-18.975133121
-17.1952336108
-17.0756442927
-15.7575782779
-16.3934402377
-14.9193486356
-14.2795554173
-13.7964692159
-13.5639300103
-12.2269411966
-11.3029880618
-10.4119965182
-10.2935627523
-12.004883997
-10.9992818543
-11.2358679544
-10.550028046
-11.8594019959
-12.8256924032
-12.5838744141
-13.5587797963
-12.2098398691
-11.1725490937
-10.9071287674
-13.0205000111
-13.6605633102
-14.1312187919
-14.7116024385
-13.9653935629
-13.7485893849
-15.2905277844
-15.149221674
-13.5986749187
-12.8181834516
-11.6579983805
-10.8475499923
-11.2064812113
-10.7390835831
-10.0478797625
-9.91225315874
-9.86694952323
-9.09669987481
-8.63630035362
-7.20110976727
-8.83517583457
-9.62673102879
-8.97944330323
-9.79059466024
-10.0081069246
-8.95696027131
-8.37615670772
-7.27081233513
-8.54282205278
-9.62950041345
-10.2090250732
-8.83098414759
-6.33910822768
-5.53964202451
-6.38843926661
-7.47645014869
-9.05332253402
-8.62038574505
-8.38308991384
-7.99403731358
-8.29221913411
-7.06437227782
-7.53185471602
-7.37459573469
-5.460442839
-4.1673240224
-3.56556842247
-5.41845668226
-5.07587462008
-6.17969952034
-6.25229480554
-6.98642287234
-7.54719347841
-9.09254991032
-8.20948370111
-6.62434600096
-6.39564080805
-6.80991802998
-6.42368949819
-5.31505720399
-4.54139896798
-6.51549436917
-6.38008464307
-5.61569377262
-5.647040835
-7.05975704919
-6.27901028618
-6.6522544594
-5.15115740417
-5.59653399262
-6.11827389278
-4.49701903235
-6.32482380418
-6.5755275927
-7.4565758438
-6.53807652553
-7.03932193157
-6.48846932009
-6.93805747004
-6.59673764298
-6.03884604205
-4.66777781021
-4.2967119852
-4.09944724
-4.03425681013
-5.36806154291
-5.86661278255
-6.88143876119
-6.05103692921
-6.0959630444
-4.79422163264
-4.60296192056
-4.89133388012
-6.58256566432
-7.31985276587
-6.78864082534
-8.19278260905
-9.79940269296
-9.92848473042
-9.76323115908
-11.1659106469
-12.4303257779
-13.149918969
-12.8396067366
-13.5524500945
-13.5103282392
-13.4360867456
-14.1642503717
-17.7395533782
-15.8465832025
-15.1830132433
-15.4309433091
-15.6274710218
-16.390704218
-15.586384886
-17.1284265693
-18.9561066836
-15.3492470125
-14.5995256233
-13.7696866577
-15.4831933824
-15.4767646604
-14.0856161535
-12.6863932957
-12.454211231
-12.6357806905
-13.597584091
-13.428734479
-13.121007783
-13.4712097714
-13.1207320856
-13.2402454047
-14.6203144049
-15.2231743034
-16.666194096
-15.549014918
-14.5808636038
-14.8124523261
-14.0522522183
-12.487268464
-12.4082839088
-12.9787903633
-12.1527005921
-11.7646014113
-10.8090891262
-11.0700644968
-11.7983303723
-11.1956882461
-10.7032389788
-11.2461653553
-10.7059574759
-10.1450765644
-10.0239316473
-9.35443972556
-8.93832306705
-9.21099094632
-7.12220912202
-5.13953089164
-5.50423869019
-4.38087051954
-4.35943628426
-3.52701805979
-2.93285891563
-3.39674814582
-3.48715690625
-3.58269698216
-3.56816411077
-4.5661880609
-5.06605419408
-4.8922509524
-4.64314893753
-3.98177443057
-3.32983775457
-2.41488608001
-2.60570579279
-2.70496896334
-2.8137777964
-3.69749241532
-5.43213838871
-4.90302995129
-5.66231984469
-5.97716104
-5.92057234999
-4.75223985277
-4.9802376402
-5.14672255217
-3.86385863664
-4.00536202223
-4.69465375485
-4.86114153841
-4.01741152464
-3.27859061505
-3.93964543747
-1.90732101079
-2.68943431082
-2.08969359234
-1.93789268178
-1.94740268164
-3.72844925082
-3.30167451858
-3.95004784141
-3.04207416214
-1.35386898581
-3.03194206785
-4.37359556007
-4.50103217158
-5.33049204039
-6.30917790256
-6.56650283223
-6.36693439541
-4.82141304035
-4.81707949524
-3.67597155872
-2.80998333983
-3.09735867742
-3.05111835909
-2.20725144493
-1.213194819
-1.77409505368
-3.08749858634
-4.56649314024
-4.2635496041
-3.72724903822
-4.62350711214
-5.96930855887
-5.65158242916
-6.82113205259
-6.28971509523
-5.00863278944
-4.38280396346
-2.81987819537
-3.61080980955
-3.63763785038
-2.57045530296
-1.36882961495
-3.19585194582
-3.71339436013
-4.26473654294
-5.33541492077
-5.47450284249
-5.00581648273
-4.73277407249
-1.81998967919
-3.04895623284
-3.89420796614
-1.24818258185
-2.76852533256
-4.57480058078
-4.57152062476
-4.45112304831
-4.82301471866
-5.0190715675
-4.31784618138
-5.52678525084
-4.66952726288
-5.92265966841
-4.54675340924
-4.86887827581
-4.56311211729
-4.26161304094
-4.2256020573
-4.526076972
-1.90785275553
-2.36108873729
-2.27293639249
-2.62025089115
-3.05702208279
-3.24389995517
-2.8651016729
-5.05283312696
-3.9689468401
-5.8093979268
-7.13560956928
-8.09917618757
-8.75955929118
-10.4078521011
-9.04069903639
-8.95139017724
-9.08366964252
-10.9963680344
-10.7540137219
-10.2402592001
-10.7199300216
-10.3573577172
-12.2051801612
-10.1941734442
-11.1753388163
-9.65170528206
-9.55300530764
-10.4644156296
-11.7041797046
-11.3915868686
-12.1837856579
-11.621977601
-11.8714370469
-11.250726324
-12.1577512656
-15.0851805128
-15.0486498328
-15.4443556367
-15.5470041548
-16.6588842925
-16.5218820146
-16.6158665134
-16.2748020362
-16.4300550097
-17.2426997099
-16.8711033806
-16.781692116
-16.2411792735
-16.3948809496
-14.7552675342
-13.3914871705
-13.8659156919
-13.4300367309
-12.117137032
-11.1109424318
-12.6948054207
-13.6504020628
-13.4852588212
-13.2074987263
-12.9404503086
-12.9206675824
-14.6566487607
-14.4128460153
-15.174249561
-14.2883293875
-14.1476799079
-14.5555692512
-14.4484902157
-15.2333016195
-15.6309602371
-16.3339489413
-16.0489901973
-16.9557512562
-16.0373859138
-17.9946937475
-17.9473667254
-17.1267410188
-17.3202737925
-18.2632309845
-16.5769975096
-17.5311950599
-17.9235080879
-19.2663850162
-19.0512658399
-20.8834448854
-21.3655446639
-20.6684574375
-22.9797648213
-22.7137759892
-22.9467896996
-23.6426182975
-23.6603806508
-23.4816157336
-23.7067022069
-23.0550312958
-22.0822658127
-21.7784223043
-23.0104670903
-22.5613093457
-21.997835421
-22.0037504633
-20.6487984719
-20.572077313
-20.8237620199
-19.9085043283
-20.2287025969
-20.3700483948
-21.6876388621
-23.2670894274
-21.9561547824
-21.0079427728
-20.1566615991
-19.7870430591
-19.4261089205
-20.148562303
-20.9952637946
-20.2615750391
-20.3580044274
-21.6454193512
-21.2423577535
-20.6554570749
-19.5971895008
-21.5492561539
-21.5193078129
-19.8112807084
-20.0975544192
-20.7150833226
-20.13184723
-20.6825548397
-20.6067388847
-21.4401072614
-21.0285307923
-19.357909062
-19.14968915
-19.6578137766
-19.618132009
-18.7031468447
-20.1482105465
-19.6465125892
-19.0889843235
-19.5386276457
-19.4685235505
-18.327525208
-18.1390114185
-16.8553852531
-16.8412940163
-16.7789277614
-18.3904986797
-18.2916353708
-17.7520267473
-17.3363983647
-15.6807253088
-14.6392205428
-17.285517959
-15.9099034219
-15.9035218583
-15.3109182818
-15.9031420267
-15.70725713
-17.8162888544
-17.7882724234
-17.865280597
-18.7621967552
-17.1080301192
-15.0960163869
-14.3972370094
-13.5181898976
-12.7238564578
-12.9971174339
-12.8640970252
-14.640232266
-15.7978788238
-15.0486413459
-14.4797505485
-15.6894957437
-16.2196902777
-14.0918781486
-14.1923173667
-14.1765350995
-13.6855370227
-13.932256938
-13.9804273334
-12.4053709759
-10.3048328544
-9.88427215908
-8.97214683939
-9.82464660456
-8.44464013102
-8.52272805041
-8.11452173075
-7.88957384473
-6.95454703747
-8.20206037417
-7.52288021477
-5.80510291657
-5.91327386361
-5.62431303972
-5.758728005
-5.83630145285
-5.09936862404
-4.40439985146
-3.42704268032
-3.32942943513
-4.56524480807
-7.86876527709
-10.0865784305
-9.12631737757
-9.39334007288
-8.46930050621
-7.72817301021
-8.66338398701
-7.94609370613
-8.34702190454
-7.97821690983
-7.78700557487
-8.80526335208
-8.55953774196
-8.37725566716
-8.40755509199
-8.73465044078
-7.13478378037
-7.61088808898
-7.59055244891
-7.50485546319
-7.92422149539
-7.58916912134
-7.36200255912
-5.78190940912
-5.68225266441
-5.69924513417
-4.8505106887
-5.08975577818
-5.67625515716
-5.57921515562
-7.44723856843
-7.18787094657
-6.34379066089
-6.88943673495
-5.03538095732
-6.67119864682
-6.70537671175
-7.01151125355
-7.39241707595
-6.77557455859
-7.53782222553
-7.62671527702
-7.62439538631
-7.60611012177
-9.49380237946
-9.49766084133
-8.17081226732
-8.8854867055
-9.59321184695
-12.0363113543
-10.5214239394
-11.3141287305
-11.6123634523
-13.7943645701
-14.6512552676
-14.3908163051
-15.0791862549
-15.0417149157
-15.5945732797
-15.5988190936
-16.2179159255
-15.5959164971
-14.466253582
-13.868478331
-14.7926248572
-14.7350185149
-14.5419882097
-15.4394396562
-14.8178091858
-14.3037625692
-12.5855350053
-11.1845852363
-10.6112919788
-9.93484738867
-9.78939248584
-9.71344995068
-8.61875109338
-5.9068186259
-6.07689344738
-7.77970231404
-8.54929090497
-9.26443941763
-9.98828684099
-9.83640664121
-9.45408210764
-9.1457830532
-9.6185484964
-10.4808932005
-10.8268564915
-10.1145453125
-8.88118196031
-9.63036660215
-10.303856103
-9.80372346143
-9.23665340011
-8.22625639625
-8.4006072552
-7.05402441628
-8.0662365278
-8.61389945274
-11.1231065401
-12.1578722561
-12.466622154
-14.737351386
-13.8122069998
-13.8921922848
-13.2828143864
-12.2790349761
-12.5736308544
-12.6951100406
-12.5399266498
-12.9693267017
-13.3508245832
-13.0794825266
-11.7856635463
-11.9776402898
-12.3699723922
-12.3369627503
-11.8385161055
-11.1767038083
-10.3512641146
-10.9895623316
-9.81807785024
-7.86459979751
-8.37478656846
-10.4273636827
-9.68285541382
-10.9201519389
-12.1016188369
-11.6653451877
-11.5168289193
-10.2637283274
-10.853448709
-12.802074864
-12.2600236832
-11.5314813067
-12.5258435624
-12.7175398027
-12.4068503505
-13.7676591633
-13.0036902127
-12.3865720223
-13.3896839708
-12.7523928678
-12.7418646495
-13.0455976777
-11.5263147975
-11.0016876431
-10.7781215823
-9.34338159531
-9.53513557647
-10.0774558736
-11.0891047914
-10.1051959722
-12.2689422311
-12.331066476
-12.989744359
-12.7546483946
-11.8006693952
-10.4406521945
-9.93161711385
-9.29090579144
-8.84337957773
-8.2824165056
-7.65425281338
-7.85342708805
-8.43077387782
-9.12570129369
-9.50892958767
-8.21951620908
-8.73296831013
-7.87182959379
-8.68953456224
-8.60046686831
-8.18083359356
-8.41299936315
-9.11678262488
-9.34021818598
-10.0543051506
-9.62347591169
-8.92165929476
-8.81697093845
-8.59484252077
-8.55510428543
-7.876286424
-7.21951708964
-7.72110606216
-8.38329382826
-8.9182111395
-8.63203230059
-7.69039971289
-6.11987881093
-5.37658415483
-4.88513671304
-5.68112277427
-5.82183610148
-5.45246410891
-6.4437949566
-5.1888056805
-5.09145651996
-6.13504184481
-6.18495976399
-5.66043766941
-6.48564078308
-6.86991471494
-6.04417604893
-5.82109923078
-5.87396027739
-6.16928513799
-7.12135395039
-7.85911129194
-7.90971032487
-9.67018070111
-9.48864426816
-10.650446959
-11.0128475917
-12.1609297373
-11.2917784673
-10.9416411849
-9.21253881122
-11.4541860439
-12.2992578559
-13.2581181665
-13.2472621799
-11.492408006
-10.8737879247
-9.44254245301
-8.40894685823
-6.88397033663
-7.4366333932
-10.1574234025
-9.54388755049
-9.34378128071
-8.36707630045
-9.58110238143
-10.5534301781
-9.73807569662
-10.433841808
-9.88058871564
-10.2457675699
-10.4452953441
-9.6328999653
-7.71806679248
-7.31853990189
-8.19814971966
-8.07565256901
-8.61800158006
-8.43771577458
-8.10191404598
-7.53657605284
-9.19565015975
-7.1896581648
-7.93070173621
-7.8579376157
-7.12829250063
-5.73962466988
-6.64131691067
-7.24966540526
-6.70479406751
-6.188005701
-5.95042925993
-4.91405133185
-4.11373655213
-3.87496549862
