-0.160414357477
0.0027754522593
-1.68382381984
-1.93804281119
-0.060608561278
1.38864415566
2.56981651771
3.37278375095
4.56009975546
6.23084682745
6.73209933116
5.97442186255
5.70464896392
6.00779615891
4.04145550338
4.18041979105
6.76592435439
7.7788748658
9.1078757484
8.70944696422
8.62217570018
8.26041713391
9.66204432718
10.902631749
9.91850736441
9.84713077148
9.85835520946
10.994344777
12.2183202259
12.0674508592
13.5648687396
14.0938704693
14.5608619991
15.4367184011
17.7059015313
19.5984292611
21.3118498178
20.635828158
19.0488056985
21.1922148648
20.9479173436
19.1627548469
18.9432829791
20.0792481673
19.5209188696
20.8876254202
21.364346096
21.6519853162
21.1232511049
21.254219526
23.0244264755
24.8669074182
23.4085516152
24.9868054703
23.1037992862
22.0113916006
21.2331728482
22.6536755812
23.04330171
24.2548042523
24.8538772425
25.7641495116
23.6857676421
21.5523407387
21.1638732563
19.1548322836
21.2404014714
21.3589204846
22.2389770171
21.9408999855
22.0065415714
22.0121851102
21.2505934571
21.631155077
21.3252690614
21.6685729277
22.155623855
21.3423353964
24.0218843914
24.2985206065
23.1539402453
23.4963953661
25.0039874827
27.0812513889
27.907705257
27.0678869749
26.0964991675
26.2810475214
24.3083788322
23.4822242119
22.2527078661
22.3084985579
21.9013604386
22.4275391179
22.2652566328
22.0678574594
23.3638395277
22.1455225715
21.9873812925
22.1146538475
19.8667307636
20.8102566021
20.9593877818
18.6632961441
19.1395995758
17.7049887124
18.7483250373
19.190297175
18.2401502747
19.3360864839
19.6591302177
18.5410798413
16.7899455672
17.7938677762
19.3285338133
20.6015002277
21.0706730656
21.4862826439
22.9679537586
22.6157532156
23.4941514852
24.5434726731
25.0172258831
24.3791584399
25.0008432929
25.1434004128
26.1370942039
25.1589111651
24.5879888673
24.9648856356
24.8013071456
23.5335562392
23.4231653747
24.3390858539
24.5417202451
23.615324753
23.0375184566
23.6980266532
23.0545126331
23.5617290668
21.7134501601
21.1817425199
20.0487935535
20.7104512201
21.1529371957
20.7260333021
19.7165587433
20.5295162784
19.8839996811
19.322873442
17.7492934207
18.4462282156
17.3477106161
18.3479162933
19.0300255003
18.3181605507
17.9518897756
18.4993658529
17.9399404733
18.7729921508
19.7570775905
20.3172775092
19.3924670022
19.5259106393
19.9129166702
19.4768138251
19.1868226313
20.1156922208
21.2061414287
20.3318328284
21.2883393941
21.2199775181
20.6443418242
21.5971780842
23.0685116623
25.0599941791
25.7760851945
25.2281965425
24.8325445298
25.3806713321
24.6057480876
24.3119214303
24.5282128088
26.2251526039
24.9430197736
23.5891389622
23.9671682714
25.1586913481
25.4520307155
24.0061372773
23.781322137
23.1736465209
20.9703932416
20.7672943282
21.7351418909
21.5499516017
20.0899885353
21.2056132432
21.0931992393
22.0414266015
21.701584527
21.1201383921
19.4285002052
19.4466632159
18.5598107824
18.6766819123
19.5712009203
18.7684420614
18.7935755342
18.9467055007
19.8471722986
19.348686612
19.4926304966
20.2350983096
21.7444057527
22.0180983082
20.9519923766
20.0996410941
20.1910927606
19.1252456599
19.1783921752
20.6888912628
21.3852338035
22.2183681159
21.9177296441
21.9524172101
22.0543343046
20.4088275871
20.9753472833
20.7338736466
21.2359654425
20.4206524776
21.5852897438
22.6316392594
23.6899547759
23.8516571826
22.8556488897
20.681300319
21.5725827209
24.2358783004
22.950242012
21.2085466963
21.7309858676
21.3284651159
22.3555051946
21.8323462092
23.3076132771
24.5149437192
22.3813540337
22.6613117114
22.9647500058
23.4780129228
24.0858662666
23.6385241597
21.8108543845
22.2568634459
23.7774599794
24.4853162218
24.6223530623
24.8310416257
24.7534561032
24.9923344321
22.2277368001
20.6220059111
19.8305384735
18.0824559746
18.1220239232
19.0882527925
19.6552546519
18.6323439196
19.8370328883
19.3127056842
19.5569244749
18.3578949557
18.2417938159
19.7508186166
18.9896726305
20.2627489691
20.3914992915
20.933252627
20.7482226318
21.1377904469
23.8920520694
23.2266274669
22.6683614383
21.6106109467
22.4214064848
22.6499274311
22.1443835829
21.2661793706
20.9119810493
20.6006538798
20.6703042357
19.3417790675
20.058093963
19.9430313827
20.9456747003
18.1011543562
18.6087640148
18.2158419537
18.182763476
18.5269059629
18.0586639162
16.8730343235
16.7229667189
16.61733694
15.9000692373
15.8595207397
16.4682670181
16.5053494402
17.74192729
19.5448919531
18.4692815348
17.9343550861
18.2355541831
17.8498352398
18.4930026137
17.5681086477
19.0680942097
19.4413967715
18.8574050255
18.7190867021
18.6716347412
17.2978042668
17.6991561364
16.8167973997
18.0125747518
16.1042570129
14.0427823544
14.9438471168
14.6867888709
14.9055894382
14.4106555248
15.5042878383
17.3968413795
16.3216853503
15.7663030082
13.7674500752
14.1860983797
14.0706155121
14.0840833693
13.2214387086
12.1276423971
12.4353181356
12.3784310954
11.0608538015
10.1144323271
10.8548180698
12.0947718125
11.8939523604
10.5950503454
8.85912830305
9.08495182733
9.01835981637
8.6988419202
9.39968171312
7.90010609773
6.50651190462
6.18544152776
7.49680928179
9.69127448052
9.27855123798
9.38046361698
9.88981422912
10.9607475288
11.5823604852
12.9351299068
16.02524064
16.3470630805
15.4124316224
14.9501955792
16.781974197
15.7127931518
15.5048870734
15.9234938195
16.1680699856
14.6902589595
14.476783015
13.6734282668
13.5578797013
14.0420091688
14.2947477311
14.7221138318
15.2954192247
15.2700594856
14.6318949153
13.8832139831
14.1474670422
12.9200100726
14.686487176
14.9689112386
15.7490712033
15.4126228678
15.9781491869
16.2836462241
16.6612640671
15.7591087046
16.7386691158
16.8658000003
16.269876472
14.0448510078
14.960499992
13.6697979816
11.9063707241
12.867042905
12.2150347431
13.1563089169
12.8894364987
12.1047132142
11.4784206075
12.3642098179
12.073211916
11.0083269332
9.89936810852
11.0097107974
10.8509117838
11.3027466284
11.778025617
12.0296704686
11.5878669973
10.8920038271
9.6365022515
9.87597344995
10.555670475
12.8953680427
13.6378892168
13.6126248785
15.1782595758
14.5981550903
14.7742366108
15.4279457275
16.9275151333
17.9810568204
18.5929869906
20.4915597182
19.2730006002
19.7440766265
19.2414738714
18.1240297574
18.4844131228
18.0760489296
16.5318301967
17.8197395177
17.0082162857
16.0563375828
16.4539959849
16.9366128737
16.9074008379
16.8916169231
17.9454595512
16.0782840018
16.5935489355
15.8828244733
17.0589729691
19.1194215297
20.1864943178
21.130887124
21.3372951303
19.7713754217
19.7299861665
17.5791761363
18.0916997149
19.7522137438
17.7617531663
16.5031045014
16.483410849
17.6299207329
17.4448535117
18.9472047723
18.4167529515
19.9245999194
19.7085779403
20.4820742394
19.4150798189
17.6625844158
16.7374536034
17.8948176558
17.5712057193
17.7918377309
16.9179702292
16.7157482739
16.0726064861
16.4931616521
18.826729801
19.0819225622
19.9178923117
20.1464014497
20.435977076
19.9172877973
18.7055268473
17.7792158364
18.0262587109
18.0173942215
17.3071507212
18.5066592712
18.6110426623
17.5541320764
18.3561778796
16.7924509325
15.5523003574
16.2607023145
16.3447796063
16.865591311
17.1602186515
16.9314567847
16.7707561209
17.1983191496
17.4059423493
14.8433671443
15.785811025
14.5964167321
15.885947317
14.4015934261
14.7001760159
15.5189325203
16.1838801115
15.8949240188
15.5023481721
13.7916459846
13.9398590985
13.0268301973
12.1965093508
13.6481107811
12.796494648
13.3544103536
13.0245631253
14.0446483089
12.715695694
13.279803054
13.7197014652
15.9441336568
19.0575245317
18.1151159779
18.5039863357
18.2298751451
19.0357338365
17.8091410478
17.1075261494
17.354673937
19.7963998386
17.689261298
18.3695672429
17.5677778167
19.5165469615
19.6239838215
18.5768761214
19.4922257325
20.2061252292
22.6657710883
24.1189563673
23.9181204806
25.7172453998
24.503848737
25.6161735822
24.3300201775
23.4278088969
23.9530231811
24.1176499617
22.6753988898
23.9640576023
23.9023659986
23.4618869319
23.4150606548
20.5206710323
20.0893769411
21.2820310019
20.7726824552
21.851154989
21.425545413
20.7232861273
20.979580831
20.9861406559
20.565410445
20.5913866684
19.8272784253
19.6397659058
21.9961591543
20.1632746027
20.365286635
21.7490102411
21.2814253699
22.6449249041
22.4190646967
22.59645018
23.3250428518
23.5414918175
23.1951476611
22.4660109742
23.1098831088
22.3883767461
23.4820604311
24.1071131214
24.1580227712
23.2987824722
22.7331490246
21.4582570733
22.706704928
23.9141814525
23.8223135653
25.7237261552
26.7995441629
25.4479154311
25.3841792865
24.5785618045
22.885930289
22.5558036257
22.8660179974
22.6555976127
21.7806935128
22.1289886
22.7271640985
22.2470155198
22.1088833235
22.344624063
20.3688441677
17.8449258358
19.1861599727
19.7262771019
19.4666002179
19.279837304
18.1648707235
17.5820891415
17.4217597301
17.7585989019
16.9820458058
18.4626900825
19.0085082792
19.1827393974
19.8184679932
21.1060328657
20.9708361476
22.3981336246
21.4470590648
21.6403765013
21.1549637743
21.1153146358
22.1401140451
21.6441062361
22.5980952864
22.5552219863
21.4677582465
20.3235196579
21.9191158935
23.1281338
21.1699911301
19.6094493435
20.5717721628
20.6264578869
20.3947680802
20.5840929141
21.3651111433
21.9724360654
20.6709302479
19.4079824509
18.7883320234
19.9938524527
19.2793398007
20.9729693669
20.9209950364
21.2401701178
22.076766324
21.3117485303
20.0821816886
19.9751470469
20.474700669
20.8954499487
19.766057599
19.2176360626
18.8633814885
17.8112029838
16.3300769607
14.7299158285
13.2994644118
12.6684589768
12.0642588581
12.6882350886
13.1735181161
14.6960027425
14.8664625732
14.5553981738
14.6521700614
15.3386369109
17.2744762087
15.6559237902
14.7118814589
14.7163081358
15.0926392751
15.3331019056
12.987670071
13.4692451132
12.3472112256
14.2874101598
14.8213554907
14.5878777978
12.9101218466
13.2876111406
14.172737291
13.3033814796
12.8072194009
13.1698924743
13.9114222662
15.4227510002
14.924943452
13.4823346525
14.8138511443
16.2633937129
14.6599428482
13.5728755682
12.9337015748
12.9030389299
11.5728077888
12.9523118722
11.5202094563
12.8446291843
12.3507590568
11.9940541445
10.3740244121
9.62784040071
9.47092388142
8.00160666863
9.56028887295
6.93028066663
6.0640778254
6.63812105559
6.37712161696
5.21243238277
4.75472530093
5.62006028072
4.74042851445
3.81750428433
3.76399198786
2.57469075835
1.87159394252
2.65110535045
3.14048259783
5.31684667427
6.39282805278
4.46187010956
5.51938923909
6.68773192063
6.16400594535
5.62622214657
5.8765434055
6.81571177531
6.64604905613
7.9249543076
7.45169138969
6.04677067037
5.75427031226
5.59768798915
5.54977318411
5.28662509204
6.10246927321
7.19506643192
6.98955959816
7.78389942111
9.40566362727
11.2855103044
10.3409566017
10.1665368235
10.9944722993
10.3531387454
8.89325128196
8.18470674262
9.67386689015
9.95447059869
8.999230257
9.33140937429
10.198436665
9.6603886898
9.08193492266
7.99053076633
9.15453443639
10.0500536855
10.0449205244
7.44573956489
7.24443683548
7.44921752006
7.57918347213
7.46964432143
8.98691706028
8.01072740748
6.68047912642
6.70332789013
5.8848702739
4.41430897354
4.26574141631
4.20395159881
3.15413239225
3.43144916356
2.50945733296
2.47187923501
1.06486900556
0.805998754246
1.22166296815
0.51212136782
1.24115654989
0.752856044867
0.586802797074
0.94080980414
2.60142285552
2.12051141882
1.19779433111
2.78167238922
2.32596444711
4.06052364073
3.90566069966
3.49458042164
2.30701250472
3.57011365482
3.1805684831
4.13639449211
3.79115969779
3.83000341773
4.770799385
5.13267775789
2.84073812729
4.37816088126
3.59583323565
3.38203575504
4.30378068112
4.78911962085
4.07373220701
6.53983543768
7.47523794702
8.24644190714
9.16117582628
8.79522951229
9.61113731065
10.2875707665
11.3425412355
10.6494367557
12.308164315
12.1769595621
11.8537321598
12.6912699817
13.1982465739
13.701026315
15.7684841443
14.8385596042
13.1088133178
14.0121601327
14.1105488623
14.0296514237
11.6300235752
11.7561062626
11.2796454772
10.813177602
9.85449103265
10.6192634546
10.2379334995
8.89391955902
8.05749834205
7.30179335532
6.76426758031
8.25768479171
8.20801754879
7.87088363059
9.4011295641
8.64883400336
9.2176820025
9.54325920063
9.43120558372
9.72592812649
10.622269684
9.65693121967
10.8701242565
9.81539546837
8.60602675945
9.88457214224
11.1920481358
11.1871923391
10.9894241038
10.1012772104
10.5440235448
11.324094589
10.5782126535
9.47504113513
9.82345835877
10.4763357385
11.7485216049
10.8629447281
10.8176350097
10.406988572
10.894267911
11.1695695574
10.8272064333
10.6915493924
12.2297766872
13.8649600563
15.1300193302
16.8624980523
17.5195308633
18.3095764855
18.0937724428
17.1955830914
16.9189136421
18.3564048528
20.3937058291
19.8693645143
19.9717875003
19.1341296721
18.7005811505
18.8781566728
19.3373337604
21.1117612659
19.787942173
18.5217111527
18.5948481656
21.0430422146
20.8024453434
20.6782684175
21.1537296858
21.3090726502
21.2817803591
22.4782538395
22.7061172609
22.7668095351
20.7986414104
21.1927652375
20.2505336492
20.5708896506
20.3126572388
19.970760708
20.2192494985
21.7032086999
21.2864680461
22.1527439759
22.8693950802
21.93500302
21.634738009
22.943212163
23.0933634342
21.9763443327
20.6000451811
21.5393232295
21.0359326298
19.6216267831
21.1548090821
20.508753213
20.8629267611
21.0075306866
20.5803386037
20.8032075098
19.8988557194
18.9429383095
20.5208491503
19.2805618682
17.9412687762
17.2674079604
17.348150327
17.5021368966
20.231242098
21.5643396401
22.4349521002
23.2604023505
21.7391203742
19.7912319629
20.1903786328
20.582673358
21.8784562309
22.7522951408
22.3903204871
23.2881158341
23.3664543136
22.6648485631
24.0764177381
25.3290101036
25.155104606
23.7113072758
22.6659391433
22.0463061084
23.1988158708
22.6706186291
20.8676814442
19.7041767575
17.8642855969
18.7816350741
19.8724150515
19.6747699904
18.768014703
19.8765255334
18.9262291258
20.5074757621
21.7218585828
22.3672141732
22.5341533985
23.3640398781
25.2077980422
25.7180900139
25.6480392353
23.8774670193
24.1596383978
23.7221402934
24.4496025337
24.7682667398
26.0264574293
23.8327459839
23.0736844154
22.0931067557
-1.84915176314
-2.34769328578
-2.88498140642
-2.67847756462
-3.12393465138
-1.67388691739
-1.743053502
0.0233173568004
0.0729243410728
1.71095623047
3.1929820499
3.45132954753
3.35395217632
4.7740771909
4.31855264655
4.88203475243
4.78800455017
5.3303703872
5.24134766622
4.68625901831
4.25899025891
6.20337845931
5.70202897739
5.75111412103
5.0802028989
5.0194584009
2.093157602
2.06383212745
2.22392129342
1.83223602812
2.24226311608
3.40233075625
2.41745128098
2.23018865333
2.19964359012
4.19626875866
2.35260828019
2.45886629813
0.933134616692
1.14064320723
0.0779829851565
1.49107354913
1.21025542097
3.34537376793
3.98248039632
4.47197686874
5.13923206683
5.45848201956
7.16210668211
6.58037973798
5.95843391551
8.31293777393
8.9766269405
9.27160470563
9.13049261645
9.07973257018
7.89034608496
9.47416686224
9.89752539445
10.3652788058
10.109419895
11.3334007239
11.6262198479
11.2459710091
10.771467266
9.40420416307
10.554538292
10.9182171606
10.4853805883
8.24261209522
7.25436124177
8.43456540476
7.81890445308
9.08418761236
10.316215675
8.89516113163
8.45109207572
8.80459581076
8.1195235683
7.20350161971
7.26177836315
6.63679965363
8.95944998985
9.53269760659
9.58038504453
10.2788121275
8.21355536117
8.19546878551
6.73143311699
6.38730832505
7.24117303778
7.75930559542
7.98813772417
9.64022110527
9.50262598393
9.82606154702
10.3269101035
10.6420441194
10.231260503
7.74191768033
8.22277671602
8.99939380144
9.25377223059
7.67019502454
8.49822803953
8.46277477615
7.52223153978
7.71326648044
5.93817855385
6.44052585661
5.50854292286
6.6112359256
6.7995474355
7.15983520257
7.2224395709
7.53294168018
9.39856588031
9.27866646121
8.62006752942
8.03704089163
7.00649856772
7.74317976423
7.07453084128
7.52181150441
7.59977715386
7.92014375414
9.48358507602
8.89334024882
10.8947269747
10.3201404773
9.65196435649
10.0378185747
8.43652248786
6.7255539768
7.47574545804
7.99354570435
6.68971456207
8.9882802711
8.06688232669
8.60042038132
9.89152477127
10.7071508578
10.5130674982
10.7838645068
11.012008216
12.6468279352
13.8429077495
12.9408166776
13.7130651123
12.8778417461
13.7832414604
13.6555934426
15.1981687681
14.0541680469
14.0517919114
15.2723169249
16.6619482728
16.794681155
17.989311645
16.1726377945
16.0914707411
17.756297302
18.2389227638
16.5401240712
17.1219995013
17.8539124252
19.2053359356
19.033515571
18.5576307848
17.5921981565
17.9867712366
17.3841180161
17.2796964251
17.0834409143
18.0073739017
17.6282280085
18.490719166
19.5349671555
19.4749009361
19.0149345407
19.9567663959
20.3041319314
22.3157682359
23.5388066638
23.3172726009
22.5623197905
22.6275781161
24.7725650448
26.2065799446
26.9204564718
25.7667717253
24.1139650259
25.8275063924
25.5954688837
24.3594344061
22.6816423672
24.3628117838
23.5039628566
23.7026353114
25.1518705554
23.8306891392
23.9693250265
22.972925335
22.4933180562
23.8669838852
25.1829536134
25.7235951153
23.3924997287
21.360835828
21.7780620073
21.6846836877
21.352655445
22.0519821068
22.4116450739
22.8471134179
23.389660182
21.6069986733
21.1634725996
21.5469265278
21.9756624093
22.6109317992
22.3208698367
23.100720512
24.4419258723
22.5927568198
22.774452566
22.6721666857
22.7942654013
22.1724512173
22.5850646561
22.8334819881
23.1126985405
22.0935525773
21.2858903872
22.4788002648
23.3651822585
25.2538941673
22.7793121601
22.1455801989
21.7288256691
21.8755939293
21.5658605851
24.0762778126
23.6772816204
22.7132162269
21.8851568824
22.9817712715
22.4514784246
21.9333018538
20.5509234695
22.507369109
23.5203445354
21.7683823972
22.8266346797
24.0790858057
23.9592356283
23.6052642929
24.4210275957
23.0576303592
22.6538996726
21.2062713586
22.5338714301
25.2140332874
26.1028749391
28.1931489236
29.9383815836
29.0417895277
28.8053887002
29.0188330442
28.3200095578
28.1824825185
26.9573168139
27.1060420642
27.9407863573
28.0227838265
27.2111747371
27.4543813812
26.7371950861
25.781390086
25.8630477591
28.3165497698
27.0986817977
28.4968165739
27.9266853571
26.2598878567
27.6635180334
26.6666478075
27.1768130502
27.648651684
25.3842791433
25.830488927
24.650207141
23.5615237038
24.1498441926
23.5551349675
23.2661063229
23.3671187899
25.1495728789
23.6618760841
23.4701146201
24.148021816
23.8320861238
24.3436297123
23.1622080088
24.1415073322
24.4970773946
24.0443085471
26.7152127785
27.9941465255
28.2482765044
27.5601896421
28.5478096871
28.5489505454
30.5550326251
30.012845754
30.1850410926
28.6711959454
29.2179989577
28.505734022
29.6695971326
29.3318869395
30.806992612
32.6685213472
33.1298219166
33.7072925502
32.1340772886
32.4284048925
33.4577741055
34.4076308485
34.64949893
35.6207703502
35.7257497426
35.8139568034
34.9566829106
35.3540648715
37.8710207142
37.4713684021
38.2018906285
37.9529916069
38.5512684921
39.8495661045
38.0603496178
38.861642942
38.4925743971
38.610683446
39.0400734228
38.6294252389
37.6352646792
36.1491678854
36.5789434162
35.4920625327
34.7028002247
33.0802742431
34.5157014431
34.3990998577
33.9214876942
32.8003632826
32.4179457706
32.8997628231
33.0598127189
34.4842895906
34.0105955274
31.889798546
31.0372869901
30.2532182716
29.5646861891
29.3612798909
29.7998846839
30.7691290603
29.4484711803
28.8444342101
29.0523352311
30.6888203192
30.3115392973
29.734521453
28.6912264902
26.1257119753
26.7351269659
26.0966113828
26.635000036
27.6029880124
27.2278650327
26.9015570823
27.1407730621
27.4437315528
28.0074371063
28.1489788592
29.6903511157
29.77758166
29.3642745345
30.1516753949
31.2751025937
32.3012946549
34.0305568845
33.6176263989
32.1528946608
32.9513649963
34.9206382484
35.8489999855
34.73979615
34.604968159
35.4016967182
37.2033566407
36.7990813262
36.630422835
37.235030677
37.4733790976
37.7526953728
35.6047658615
34.6511041317
36.4136370054
36.7680475499
37.0033129395
37.8338342247
37.9221613409
38.2311278055
37.9220869307
37.9593001973
38.2981811197
37.4256166882
37.6433468178
38.1448001508
39.2001249523
39.4651606508
40.1176273717
41.8342143671
43.9803486914
42.1064546765
41.8425385457
42.750892347
42.6483761172
42.1328003562
41.2736522359
41.8648918996
40.6131945758
42.5256195603
42.9527188638
42.2574864335
40.2084631098
39.4137678191
38.9260005611
38.9146428203
37.3418645746
38.5873864038
39.5075252772
39.4936086258
39.4076457861
40.395108144
40.7918186377
39.5071668014
39.6243511839
38.1999017445
37.1999843335
36.6109565268
36.447289574
37.3732735056
37.4859781551
38.0159576959
37.3407654757
38.2126959913
39.1771669428
37.6544982576
39.2326366986
38.9505580146
38.4583535549
36.5321159793
37.7054834451
38.6311222818
36.9364222565
35.8388479989
35.6850375806
35.6303845404
37.7671642486
37.4320957867
37.0688815834
39.0378765187
38.8722354433
38.2830057711
39.2977007166
38.9309002015
39.9351806548
39.6289553669
39.1390510241
37.5086274277
36.5786476737
35.5535858027
36.0091290869
36.9385411106
36.9124942623
37.422874268
36.3847616351
36.4746986379
37.1031338211
36.060112896
34.7299627593
35.2163106588
35.5660643982
37.1609478067
37.2605471035
37.819657022
37.7130842834
38.6422313362
39.305634814
36.4999873745
37.0935359812
38.3447268292
37.2915930774
37.6520667968
36.8314024729
36.4697078564
36.8119688578
38.1049679163
36.5957437583
37.7367450988
38.4766133872
39.3449538946
39.8382213477
41.1685509562
42.2292037323
42.7296284819
44.3071143872
43.9223863172
43.6757315389
43.7467795449
43.8141609887
43.8777355015
44.337222786
44.474343458
44.080873367
45.1051884812
45.3965004311
44.9573181527
44.1732622847
44.023605597
43.8266258854
41.7774711556
43.113097487
44.6596856493
45.3749029056
45.2982663723
43.7300712471
43.9969300958
43.7404193913
44.089706479
43.1349866607
43.4651966598
43.7267935598
43.9317973484
43.1013170671
45.5716975651
46.4330353282
46.4536016649
46.3565596765
45.0840972408
44.0919371387
45.3391939522
45.9783783259
43.7437985024
43.3079420828
41.4337979702
42.4247325653
40.6545403021
40.5262625755
40.1636619045
40.9395657473
43.1521951237
44.4832431484
45.2081720855
44.4446969106
42.8390494291
41.7911181077
41.6906918434
42.0702302867
42.3142060577
43.2539829237
43.8823138433
44.2958086822
43.678534957
43.9462366797
43.7876210773
43.6976303994
44.266281413
45.1151137297
44.496957885
44.024815438
42.8112551696
40.8063272605
42.1613509012
42.3005358486
41.6398400435
43.4086259806
43.6623349846
42.5974600538
42.4187846353
42.9064215044
42.6470370626
43.0439769931
43.8214757816
43.1374782826
41.0436296601
42.1133630084
42.3403697839
41.4223745263
42.131055559
42.7159163137
43.2162282364
41.0185537015
39.7747858246
40.9231968953
41.4678012449
41.141590481
40.6332544409
40.7208919434
41.9494045833
42.4876020705
42.5956932764
42.9343878464
42.3551207937
40.8517162201
39.0359146434
40.6525713448
41.2723042556
41.4522818869
42.2415900225
43.5247773549
44.6650570791
43.3200567275
40.2869507444
40.2332958076
39.742604019
40.0186342358
41.4548100285
39.930239486
39.3651059358
40.2458451282
38.7184891506
38.9191595089
38.6388079534
39.64142123
40.6204995002
41.3958176806
41.0191380314
41.4849116769
41.471614029
40.2509175478
40.0275271025
39.4278108819
39.3642120133
40.0014068018
39.1890859144
40.0023711522
40.4739486125
40.5679862331
38.9811163907
38.6712094718
36.5815334522
35.9386224127
35.5685817699
35.1707274067
35.21441849
34.1240783288
34.9314380742
35.108428513
35.2993168695
33.842284301
32.7075690447
34.3777776688
34.6601045693
34.5297381991
33.2657186772
34.3213284471
34.3907344222
35.0773806016
34.3220450122
33.9707125091
35.1396915693
34.7227144854
36.6850985192
36.2578908793
36.7152681369
36.9470458554
39.1485421106
40.1220515817
41.0596884846
40.7387370531
39.6106312229
39.9695514115
39.8656550866
40.3588523181
40.9652942614
39.8076067536
40.6353087589
42.1133138533
43.9781442087
44.4022759498
43.7622114043
43.8487145255
43.1435907656
42.5603523885
42.0781052466
43.7405335928
44.6129103965
43.8647199864
43.1411617294
43.8938627192
44.2767146396
44.4086885437
43.89507187
43.9774911925
43.5874753532
42.8936998598
43.4171741841
43.4529299292
41.0200066549
39.9896659086
40.1637799812
41.7572465195
41.2085586799
40.9208846938
41.6923857156
41.4885982826
41.2082311365
40.4892845573
40.7325384133
41.2646158332
39.7198402435
39.2296827014
39.3816544643
39.3185781278
38.4458790361
39.4570055205
38.5868650477
38.2928725376
38.3911693076
37.5892551501
37.266118948
37.7824831697
36.214515598
35.3281150481
35.5082301908
36.8800738648
37.3287479748
37.4856070381
36.9452415829
36.2977759662
37.0528167207
36.2435080046
35.6285916629
34.1974635686
35.3649902938
36.8096401218
35.5914329607
36.4433088695
37.052824003
37.9297691054
38.0294497388
38.6124487602
39.1588046238
39.8650338899
39.5570762157
40.3609029214
38.8634751921
39.7775400571
41.5769855513
39.3360348313
38.613695299
36.5665625564
35.4690246395
36.0305244437
35.989493477
37.430861583
37.296304623
36.3072866398
35.6645230841
36.7496402591
37.4490739482
38.6967355321
36.8693421511
37.0510840272
36.2772804426
34.763236048
33.9593486669
33.4205902558
31.9942049489
34.4440869504
34.7129443372
34.8487878002
36.8840947595
39.1308250487
38.8333740036
39.8175434579
39.5233141238
40.5768659691
42.0616747083
42.2834433515
43.1449987409
43.0176087383
41.6587926461
43.3430500727
44.066566946
43.9834050318
44.6794257
43.5455518213
44.1609550108
43.3549236034
44.6847543048
45.4353838414
43.4671753752
43.3938265127
44.39305732
44.294626373
43.2526386054
44.8662442663
44.7847810114
44.3144240298
43.0530123244
43.3216596205
43.2318952985
42.708459471
41.7743768914
40.9800572962
41.633687596
41.0834659454
42.6646579506
41.72062038
40.5678471149
40.3737517811
38.8470368709
38.7884714897
37.328990497
37.418185926
38.6993211215
38.1326337722
38.6496861125
36.8429216543
37.243266228
36.0175076076
35.1468924578
34.5572753005
35.0306201891
36.493569421
38.8260105345
40.8303699124
39.9682026442
39.5838300904
39.7019097878
40.6687937799
41.9910977291
42.8947241681
42.523507434
42.1361016299
40.5396152418
40.4253619376
37.7645884448
37.5971024902
37.3790065426
39.8003667084
39.9548889856
42.2343884116
43.0740405931
44.3094912778
45.6328794528
48.3154653522
46.5025375194
45.4999285159
45.2656444702
46.4361234424
47.4253079791
46.7394099029
46.8215971123
46.687824483
47.5086355116
46.5266653346
46.1246312058
46.8987407318
47.4911413125
47.6868947125
48.3392477993
48.6657907265
49.8983412745
49.2095422884
48.9010067206
48.4478459875
49.0127063409
49.5409772278
50.876070688
51.1935775905
50.270161932
50.1222689642
49.1277691967
49.5459980426
49.6974512465
48.1781024081
47.8301875498
48.9495917578
50.4918973049
51.5908037504
52.466402623
52.8814065881
53.3079799875
54.7694237785
56.9916057938
56.8205225699
57.1825027844
54.7393424371
53.9713235246
53.4152992345
52.3460147719
52.8885808658
54.2451416858
54.6400803231
54.8297311647
53.2171071998
52.7008275594
51.3612512839
51.2834498623
50.2090112426
51.0229484132
51.6957329389
49.6861672671
50.1696059935
51.9188810487
52.0525926274
51.7421266755
51.9622073771
51.9182196551
49.8740139891
51.3149772059
51.7985119975
52.6936390485
52.5947197734
52.7222295751
53.7604272374
53.3747391512
52.0666703418
52.9968922414
53.6127333799
51.8593909236
52.8650691997
54.5857718342
52.8327607807
53.6486319437
55.2265641118
56.5076079422
58.3530281672
59.8068438834
61.8517391088
62.5568137595
62.3361456615
62.7197920705
61.6205830054
62.1260398685
61.9356243382
62.5007770074
64.2914808948
63.5448772208
62.0925615766
61.0454020296
60.4960920453
62.8321520661
63.4526947938
63.2277448624
62.1826530142
63.3033958912
63.8747443054
63.2640545791
61.3362046629
60.5230840369
60.546019391
60.1265093116
60.0685782491
59.5950592352
58.19413142
57.4765085738
56.0076870276
56.3732884083
56.4679471541
56.0677310416
53.5322773098
53.9892334693
53.9728898323
54.5588840005
54.4407489695
55.2682076837
56.8017003132
56.4379154599
58.8564866021
59.9678654195
59.1004576426
59.4916857705
57.9014024218
58.6792592678
58.3384471791
58.18904678
57.9649416124
58.3827291868
57.1058459142
58.1272940901
57.5836648292
58.3738616694
0.647797566282
-0.843874600909
-1.16411880148
-2.248445777
-2.72404904725
-2.94122340399
-2.84496990422
-2.37885148287
-2.24614299208
-3.5504432599
-3.73010370722
-5.17602771791
-3.55153157766
-4.14626068743
-4.48853942393
-4.92664522557
-4.08503177678
-4.58613431814
-3.55136494345
-3.84761044164
-3.94697230813
-1.50730171606
-1.13064608049
-3.04570358297
-2.41419179143
-4.01533438335
-4.27655917882
-3.40907427632
-3.47882625893
-3.04814135921
-3.72168189609
-3.58200470463
-4.76194429289
-5.08559743242
-3.99803730859
-2.40856299101
-3.33692856505
-2.73640161857
-4.46223172604
-4.94254873788
-4.96393678145
-6.38744468147
-7.74964488006
-9.25170677872
-7.20807882335
-6.49918883538
-7.13792365014
-10.39367845
-9.67450013885
-10.242379594
-10.5852503704
-11.6322616184
-10.2551744369
-10.2221551547
-10.3390765893
-9.87368108585
-10.2737428165
-9.7220633017
-9.2126896041
-11.0150289597
-11.2477729321
-10.6840485618
-9.91862593029
-9.3597243328
-9.10851309024
-9.946015117
-10.5463978017
-9.48495277563
-10.7504733921
-11.575562186
-12.0281016129
-12.5179926903
-11.6837487916
-13.0491610978
-13.5761972337
-12.396747985
-12.7106210199
-14.1154204476
-12.4106202301
-11.745040702
-12.2832520681
-11.6845666986
-12.666743955
-12.4905644064
-11.8088641357
-11.784972842
-12.1287529494
-10.3396227024
-9.75142088843
-9.81574292838
-8.37187866659
-8.27688131801
-6.38099576318
-5.5304256299
-4.52817839772
-5.03251393715
-7.20950898499
-7.21275784619
-6.33054019524
-6.9980343163
-7.41752227784
-8.71389016148
-9.12340886053
-9.27761400256
-10.0710426248
-9.92825553787
-10.0482638048
-10.2273158048
-8.55301242275
-10.4479850816
-10.6274118948
-10.561139819
-10.2052137403
-10.4035414159
-12.780715214
-12.8510773263
-13.4643889813
-14.5054522843
-14.940846027
-14.8198428244
-15.9768337993
-15.752562013
-14.3329888219
-14.7271994816
-13.7607307985
-12.3670334312
-11.2399555313
-11.4993426304
-9.80844847925
-11.1422380486
-9.44503316284
-10.1358012016
-8.91949756608
-8.89035689378
-9.29189676532
-7.82754268749
-9.49378052193
-10.4920208235
-11.2152327958
-11.7019052658
-12.0537471142
-11.7850547149
-13.148465129
-14.4703608332
-14.8367856687
-15.3184105269
-15.6880861717
-16.1385030016
-17.5587172366
-15.7647522573
-14.7046079806
-15.1192487502
-13.5813440501
-12.730298512
-12.2844780616
-12.7377587366
-12.2639002834
-12.6849781711
-13.0857437314
-13.3085715611
-14.755866682
-13.4070499759
-13.1205557308
-13.9824975414
-14.6953656462
-15.0268824711
-14.26663171
-15.4807308114
-16.5218544642
-15.925615965
-15.1209868529
-15.82633446
-15.5988173259
-14.5343066668
-15.5715859573
-14.795362135
-15.1394188525
-13.5531102136
-12.4332553965
-11.6880643347
-11.1858726233
-11.429277669
-11.8049978404
-9.96702551656
-11.1699290153
-11.555367707
-10.7752128014
-10.1156641177
-8.93560409683
-8.41851719694
-7.48936876664
-8.49456040407
-6.70285665576
-6.61646423215
-5.92402625164
-5.36224582288
-5.09330565239
-4.66342736267
-5.19088337314
-4.27583404686
-3.88276909819
-1.28266739629
-0.419270673899
-0.394259318611
0.890960958562
-0.302311925586
-1.53765212167
-1.04794524008
0.168260100333
0.351138593679
1.55217244208
2.95486292919
1.81862418928
1.53701127792
3.46807137339
4.230864888
4.26583989194
3.67512214821
2.82349392177
3.54161699324
2.24534118639
0.393305654833
-1.16869114076
0.631500006895
0.277270129914
0.0052787995196
1.73409790366
0.936085379529
1.12355879855
3.59083035298
3.60047147955
2.40124226335
3.60421729451
1.8999355809
2.30220787704
3.06915581095
1.31184087476
1.6407114314
1.27801836849
1.8244129574
1.19269917047
-0.0599016721621
-0.374564777722
-1.56307820224
-1.24205582469
-0.931570017444
0.728311285843
0.411581553437
-0.335371518702
-1.96557511117
-1.45380746235
-2.45092683873
-2.19614802655
-1.11745887839
-1.49417666818
-1.70695316842
-1.16420554132
-2.38478360524
-3.95374707278
-3.980036433
-2.19538186698
-2.47521973243
-1.81095636551
-2.11974494589
-3.42587054118
-4.61691808688
-4.94332286284
-4.04630840084
-3.10379139082
-3.73498556184
-4.21483809734
-3.33530825382
-3.85494981404
-4.93173556407
-6.42113748811
-6.57485254918
-6.47089190996
-6.54449873883
-8.2401266465
-9.22098459698
-10.1972924087
-10.7316489342
-10.1440026188
-10.3429241608
-12.2322573247
-12.2947296389
-10.5570001847
-11.6054628295
-12.2763401458
-12.0847178181
-12.7352627149
-14.0245245979
-12.9196299176
-14.2782990015
-15.8776118237
-13.919836738
-12.539016369
-13.8408410311
-13.9359225655
-15.5088513149
-16.8683133041
-15.5088156014
-14.9861890536
-13.9763760375
-12.097885164
-12.8286205123
-13.187268002
-13.6734232124
-13.4234444973
-13.0770178888
-12.1859546819
-12.8784201841
-13.7664707367
-14.4082128331
-14.3490894233
-15.7757943126
-16.4684839337
-16.1666104752
-16.6093023719
-16.1300658193
-14.2933258418
-13.6049884734
-13.8988195486
-13.0318288093
-12.0923573017
-12.4527079741
-14.1885348909
-14.437964609
-13.1764694056
-13.1371948966
-12.7015830102
-11.9364691349
-12.8053781249
-10.8591902758
-11.916652826
-10.9477828864
-12.2409279156
-11.9664354019
-13.4216363213
-12.7905096722
-12.3011447776
-11.5004870122
-10.19604306
-10.9156245636
-10.9985142242
-10.5345145078
-8.65878159903
-7.60576499047
-7.53110316886
-6.68629799366
-6.71719386392
-6.18939062847
-6.63889434873
-7.66208164133
-7.00475097239
-7.24722018133
-6.54423680148
-6.26710525219
-4.95707337052
-5.66204085188
-5.57644564401
-7.23874127862
-6.47191535708
-6.92165161992
-6.55203791245
-6.56535234338
-7.29044917233
-7.2548490992
-7.30341984081
-7.16822126424
-6.69952185122
-6.56205375292
-6.31940970172
-6.05839290372
-6.56770993274
-7.96633644173
-7.15308069377
-6.74700427879
-7.65501302844
-6.09555813271
-5.90496262923
-6.10664747424
-5.74417512243
-4.89579769598
-4.95455835065
-3.8691858421
-3.91686122428
-2.67689986548
-0.620727405979
-0.610355375428
-0.419373212003
-0.812253011121
0.432703349231
0.447460957407
0.732115672394
0.159061927002
1.51531420717
2.34837876048
4.08315960414
4.99681513184
6.29113504803
6.48556242794
7.1730208311
5.4753308525
4.97944774124
5.0332954133
3.38681196426
4.09965590399
5.08278960549
4.8126639988
3.39037515173
3.03042806671
3.40280889636
3.12680026083
2.30497028699
3.897882427
4.23217924676
3.7605770953
2.01789550985
2.24800246647
2.05500198908
2.58897439846
2.33912183895
3.1824732149
3.72407044148
1.15312104222
2.23379362503
4.12947036653
4.7650132712
3.58077881764
2.91408449782
3.57219014659
3.73418811091
2.63778731866
0.99035610947
0.271222206523
0.309410544123
2.47436381454
2.30494065665
-0.357951590657
-0.611483784887
0.470714470065
0.200071664562
0.223446278893
-0.148255634623
-0.0115541410093
0.885010471426
2.12530916642
2.89232971387
3.01081994427
3.68151056779
5.26241818228
5.52346139849
5.25254042012
5.90033443578
7.38459444822
7.23930569777
8.47471871737
8.73377626657
5.72570601201
4.66660818354
4.69446716763
5.43447515435
6.21988086169
6.02851560881
6.56193227757
6.64007491584
8.05716108059
8.47614503906
7.68627067006
8.95116027325
8.46910295012
7.84553338097
9.3226508149
8.04977704663
8.68334795013
7.87184660586
7.80106119328
6.63515839832
5.81411840894
5.75795066147
6.54891128297
5.27978138708
3.54920763527
4.3713525737
4.53381897564
4.79050944055
6.38151896829
5.95639473762
6.76724338706
6.8151706929
6.35626176794
8.28276927516
9.73520738766
9.79003851102
10.5157679277
11.2661422663
12.2393908358
12.9880240569
12.5549631497
11.8443805311
11.7184505699
11.0739812653
8.55791558257
9.04162228526
8.40599733493
8.58921260227
7.45575859636
6.00275844726
5.35586013213
6.36910926221
7.7915575196
9.07598389622
9.54813367816
7.54342922329
7.86501532503
8.41595117841
7.46123997009
6.21140312497
5.09134451082
3.22519339398
4.27849992551
1.7279575798
2.62195675149
1.8672277061
0.612687880499
0.756726057703
0.0793474756813
-0.644541506339
-1.08162218231
-0.41756177516
0.0380442707511
-0.38444163611
-0.0259351905513
0.59189301466
-0.116410061195
0.475145903946
1.93609559745
0.17843204767
0.26708107806
0.496983120866
1.3166053697
1.51139819694
1.95452224659
2.15681608925
2.40305760804
4.71691060889
6.23122395913
5.93798959907
6.95580329449
6.7683090393
7.25218645641
8.3309112584
8.29509821471
7.95304031634
7.5669888654
7.13298358988
5.26336038623
5.54761331055
5.86466161554
6.64268497531
6.17291194767
5.2884153784
4.51183077336
5.82666564684
8.65405921117
7.72590343968
8.95062779526
7.70639839393
9.57875474719
9.5132074176
8.43458983553
8.07628613772
6.78202953814
5.96386124335
5.54573094982
4.56718355475
3.41462606757
3.44339929145
0.763575027716
0.075150721355
-0.863494980386
-2.26013935694
-1.97302688233
-2.30065515258
-0.451737183739
1.28635670109
1.34523079789
1.82837572729
2.51979161543
1.1606533514
2.98746777248
1.97460759503
0.72461915457
1.15100176895
0.732507581911
0.898119820957
0.324059006316
0.95909478025
-0.0728252592028
-0.237770493584
0.610041343288
0.192808333989
-0.133467400527
0.867341930421
0.109574400116
-0.141427592617
0.931251618206
1.14424253022
1.68480358174
1.07411005705
1.39252319867
0.402699937204
-0.572077839761
-0.217860382922
-0.113399724413
0.0546645407048
1.17238253452
-0.867704857563
-1.68327138943
-1.16737682219
-0.788513999635
-1.36926732508
-3.41406332218
-4.93975408268
-4.10440177296
-5.49381782147
-7.4225533799
-6.1515204455
-4.41325735217
-6.26357768466
-6.32427399852
-5.61534573357
-6.63974475379
-6.62071899613
-6.33496676652
-8.51473165379
-10.0732529427
-9.40040647768
-8.44202118059
-9.23100695446
-9.14671597857
-10.0315893422
-9.1916682614
-8.95764286392
-9.71197535329
-11.2206394998
-9.58881349221
-9.8861837198
-9.38744251538
-9.89370017666
-9.73033866747
-8.17999821998
-6.51489896863
-5.93669155485
-6.02130880533
-5.6001986842
-5.67202857144
-6.1466334714
-5.1508250569
-6.68507232715
-4.82303875488
-5.58850754557
-5.88727556107
-6.72025839844
-5.54444489374
-4.81222466944
-4.49538261071
-4.57196015701
-6.47281280652
-6.48700419829
-4.8130561758
-6.8211133743
-7.62405444092
-7.66270040984
-9.40620038012
-10.0840333097
-11.5455120904
-10.9793171602
-11.1936934441
-11.2520302621
-11.6106563011
-11.3702087185
-11.6093891059
-13.1215281556
-13.4719714973
-14.2836975961
-15.2094185265
-17.4530539659
-17.3207617492
-17.4244505024
-16.6329558851
-17.643977174
-17.6556770837
-17.5288499102
-19.5387167499
-17.7409993337
-17.4448928588
-16.7327436143
-15.6521099808
-17.7304904477
-17.833767453
-17.2294848782
-17.1258474706
-15.059395197
-15.8253503489
-16.825979201
-17.1313613165
-15.3537294816
-15.0115029658
-15.0531592298
-13.8162726053
-14.0887171709
-15.3513237478
-13.8833138796
-12.4583832422
-13.5831243687
-12.6405646808
-12.1886933577
-10.7613395026
-11.7767362505
-10.0129743983
-9.96656604495
-11.4837548159
-12.4282646302
-12.5602835215
-12.4056053464
-13.5812300724
-12.0898784838
-12.7289006718
-12.9506092807
-14.1350653567
-14.0495730592
-12.0405291563
-10.1959321593
-9.03923200404
-8.6231021208
-7.02573417129
-6.66987536555
-6.34861487909
-5.84673948178
-5.56033484253
-4.33986171468
-4.58233610433
-5.36022270232
-4.83710941628
-4.53565831333
-4.16584681936
-3.28341581262
-3.92198554614
-2.78225979117
-2.23313099942
-3.30979985838
-2.29536581289
-2.99932294617
-5.4188236795
-5.73884358909
-4.66340356843
-4.81168749855
-3.40591372603
-2.65153213177
-1.71060988121
-1.84119198731
-1.64111064824
-1.18215994858
0.0792238666437
0.493660314766
-0.978846359174
-1.99268601747
-2.26975846777
-1.57106199421
-2.04146789242
-0.809943996516
-2.05613715558
-1.26904472165
-2.25182969251
-3.8984025455
-3.79483533222
-4.70326775869
-3.77323990632
-3.2482062757
-4.04366011249
-2.60149592387
-2.77097378078
-2.86072288335
-2.86663396802
-2.5128329304
-2.11814962997
-1.32022975828
-1.87294360647
-0.806462163074
-0.67746194493
0.200430030539
-0.387931180935
0.679751777676
0.965955470194
0.916358411499
1.01073704714
2.0986944951
1.52521309311
2.34746265563
2.96320604005
3.8016338696
4.1501565871
3.42220586269
4.40122067241
4.1148728162
4.23672563064
3.62011270254
2.94656929472
3.22158126794
4.31084123118
3.59853047935
3.58842449526
2.30522702025
2.33675663902
1.64107153139
1.1608117839
2.33085750765
2.52272659814
1.96184648429
1.35550807557
1.29254934101
1.74189929374
3.80937680202
3.22523791775
3.275319811
3.78906681102
3.4330105181
3.32620202427
2.45254561871
2.20361290885
2.29429735984
1.00347494203
0.992870237426
1.18000269262
2.13877292046
2.79570535315
2.12983461556
3.97962438741
3.82464869518
4.21380317984
4.63803276928
3.75446590375
5.59581823992
5.50798024513
4.7681180502
3.95838235095
5.32949155947
5.16009541926
6.75421314509
6.61808414779
6.6087446671
7.72174260168
7.18671950783
6.12549726766
4.5865092479
4.22430895354
2.25810978112
3.04419277819
2.46885308792
1.89360448311
1.63707534677
1.45739451558
1.60639601994
3.0662238594
0.760792262555
2.26589906163
3.04405092215
3.06407871053
1.96770195672
1.87259372026
1.46537294273
1.30172871214
1.21236720336
1.9360885949
1.53060219201
2.15136435791
2.607416213
2.66488710809
1.89661253497
1.89928932807
1.903402752
-0.141696853866
-0.885938287687
0.192885351573
0.539829663981
-1.52625323826
-1.25924648797
-0.453433710864
-2.67110530227
-1.49629631433
0.640755425848
-0.596682590953
-2.24192064417
-3.09097175026
-3.84554585747
-2.84694344935
-2.53606053695
-2.05343053862
-1.69662332075
-2.79155043895
-2.93749061087
-4.34776078689
-5.47741321066
-5.07113666017
-5.72812135727
-6.07612899893
-7.07709910727
-6.01630816371
-4.55426270411
-6.04876384352
-5.04903523249
-4.53789946322
-5.46349011069
-4.83889889226
-4.85757846571
-5.42874469082
-4.23891820159
-3.16473250307
-3.50024530688
-4.93084635965
-6.62066168565
-5.91988035231
-5.21288861082
-5.05155174125
-1.09788135238
2.13167148319
0.992725342594
3.00238295211
2.20909842928
2.05400411818
1.63457650353
2.26957412181
3.92428035447
3.72619541757
3.29528749829
3.00762178904
2.78243543805
2.11663979112
1.86862961116
2.07766821176
3.5694751055
3.91114910953
2.9763015975
3.11438945135
4.05675449718
3.47532969062
2.90550955836
2.84273577336
4.02373845046
2.77502154376
2.0815198961
2.38456354194
2.91915729778
1.88122195854
-0.258037864675
0.438417515907
-0.149457522934
-0.156842021733
1.60774532801
2.75503407614
3.03082045646
1.88600942666
2.02891486193
2.04346688319
3.30071012729
3.73498853148
4.90351540686
3.80840693765
3.44732639584
4.31997756191
5.89975009614
6.29156029913
5.52224602385
6.20130842352
6.77560397867
5.84891115733
5.6018900078
6.31880418474
5.05151508251
5.65567715925
4.4597342681
3.10287661446
3.96308764746
3.51664245149
3.72426584232
2.81325163825
1.13322175144
1.38708003889
0.937160520277
1.04004693765
0.640945393152
0.788935965178
0.412422413357
0.6515047378
1.66679986567
2.72940810796
3.29160065822
3.42761546307
-1.36610494829
-0.252266778252
1.01781396538
-0.307074826891
-1.11916997163
-1.42950227011
-2.48704453428
-3.51330163574
-3.9500001615
-3.87445112849
-3.56415268076
-3.20501037164
-3.90746693831
-2.76351756214
-3.7379871832
-2.85037372783
-4.37269853066
-2.03167034431
-2.66725759758
-3.25855239388
-4.2990158585
-2.68739010465
-5.44513525741
-5.26879237872
-4.08684581718
-3.50151128077
-3.56298838718
-4.68275559269
-4.16817725619
-4.1151678789
-5.2429800892
-5.52726216998
-6.65261046349
-6.33118040283
-6.05944330086
-5.39925952707
-6.26334071935
-6.20974275073
-4.00489826076
-4.37438528141
-3.78337231452
-3.09013059224
-1.50208919978
-1.03179519148
-1.56273110322
-2.28889966287
-0.198038112767
0.999777848151
3.33471498975
3.41011149485
3.67466594154
3.62756504071
2.55024805044
2.04029831378
2.71241830922
2.10453954037
3.19172020135
2.88310162138
3.23942825146
2.61707446264
3.14705133223
5.6263657158
7.0962221601
6.83887080812
5.87064392118
7.30117505865
7.50122574158
7.01216678984
8.19728139094
6.57722131959
6.22561591527
6.40872835066
9.26059877288
8.92976220947
8.57377732325
7.19082660338
7.27644853141
7.25727742802
6.67690818559
6.35129918814
8.00433574862
6.72666253888
6.86828838625
6.0709130744
6.92473944639
6.43988024772
5.94195453262
5.61763185761
5.77609989089
5.35922057623
5.73625918886
6.27338684289
5.50787825052
6.22364612093
7.84639461827
6.48087959731
6.317227462
4.52204066042
5.36821745843
5.38292899248
4.75740385184
3.51157836909
1.04749387185
0.254527260395
0.893800832397
0.293172380229
-1.04672100689
-0.674056388132
-0.915381804384
1.47750818811
0.332507632876
0.460240056786
1.96669314743
1.12482699023
2.12698253733
2.61791616063
3.27390390632
2.18904707236
2.1511462406
1.16250793257
2.52680457318
3.34805115309
4.20842030057
3.24957980883
4.1688518484
4.05018942229
3.07250666408
3.59165694769
2.59636432314
0.921270788647
0.231291347975
0.550787474051
0.957472931933
1.2259622529
1.75053801938
1.81723692659
3.07288119961
4.32643787191
4.04816991592
5.53927576386
5.65647208897
6.67075204515
6.28750379495
7.26335639874
6.92092884833
6.25266276976
7.39193498809
8.25369550539
7.54892572643
6.49335726085
6.12920368733
3.94548896189
4.41492049735
3.36356757177
2.72523334222
2.67578196474
2.56875840257
3.0610901371
4.37644860143
5.48622247602
4.35119986123
2.58586036043
2.83048970257
1.52483879993
3.71787457996
2.44093194563
1.93210556757
2.90292606609
0.707300638029
1.46240525954
1.91184613332
1.50804764195
2.09979038108
2.36993450035
2.66651574115
2.31828598337
1.62902300809
2.03566745935
2.71480903997
2.06239969604
1.1233630535
1.40158164225
4.05896702314
2.96615986903
2.58823736862
2.98532782112
4.59572769273
3.11427974729
3.66035175321
3.50466108794
3.75295383969
3.88325424925
5.42800146595
5.46773068701
6.24573460538
4.48284975596
4.81749927175
4.34983365325
4.27379631922
4.48304551374
5.68522173449
4.89969857894
4.91771991251
6.91834577935
6.44409263215
5.16154243035
4.99424115175
4.68096455713
4.85348491591
3.21447678806
6.05650924881
5.40369169563
6.11546218462
4.52365445842
6.2062306329
6.63585167827
5.68426250596
4.32850536842
4.35116111623
4.00354824057
4.05075989889
4.99252129408
4.25775624875
3.85596925752
4.1315548849
1.6695172106
2.72409751418
3.09804259173
1.88229690458
0.809722730665
-0.187413942612
-0.417834162641
-2.69147125887
-0.655014821992
0.30081184266
0.95244788881
1.24973325524
1.74703607814
2.31295928477
3.43157008527
3.80343353144
4.08349954294
2.70931347277
2.84264541176
3.5498429504
4.15544220897
3.68668169755
3.77973967894
5.4929147931
4.10630331532
4.68328854844
4.26728787546
5.45836341577
4.72398016929
5.62485310877
4.41423257562
5.3163612702
4.72036704756
5.25314234822
4.40330915279
5.00391913121
4.29880607757
6.81724550174
7.28025377342
6.35799674088
8.11138946175
5.58952968047
4.95078100072
3.53433449047
4.22899000347
5.10116473131
5.90328546182
6.79513264022
5.39783279468
4.71628266331
5.46344340238
5.7687659411
5.79037342767
4.52628239713
5.59744823579
4.07095211459
3.53340737761
3.71901973884
5.16561462604
4.57501724852
4.02105466255
4.08524252993
3.9542383882
4.36426111974
3.49014633463
2.2002742978
2.93135272474
4.45564996724
5.42146110092
5.441727915
5.81577851117
6.16903014611
5.26185526405
5.77599775076
6.15940346129
5.01307625704
4.61725565128
5.88275467446
4.1255111461
4.83096169541
4.82580700883
5.50232633748
4.59616218215
3.02618818923
2.45252171756
1.66218420712
2.63465884647
2.47164189179
0.57464601617
1.11452729207
1.7829451354
2.361479611
6.09643547919
7.62233967789
6.9082483367
7.046293933
5.24686481487
5.84823617816
6.13094406097
4.63681252596
3.87441164045
2.09584511512
2.20702673403
1.28844831916
1.42221551721
1.08454144072
1.39879815724
1.57841578845
2.29136325991
2.34532679079
3.32506922538
5.26759165714
4.14802029872
4.23040563521
4.10815074068
3.07350626685
2.45595761593
2.12608453067
2.15447858232
2.35798328614
2.70634301635
1.82273716053
1.81660824497
1.49762622382
1.10590299181
1.23419198962
2.55743130391
3.98745993002
3.45427507753
3.16994665126
3.58539243358
4.88741547959
5.68613171401
5.45276964053
5.93366381716
6.776866976
7.0669757381
8.92229873336
10.0626818368
10.6164424077
13.539807352
12.9117854781
13.0802034548
12.5031784882
14.3098076076
15.3369768804
15.9662707974
14.9505197644
14.6261607717
13.5727293
14.6560945863
16.7147271182
15.7557508385
14.8918809124
15.4736602031
13.8205312664
13.0485463129
12.7827693544
11.8643209824
12.2825161835
12.7950507668
13.2330103806
12.4499723951
11.0878054297
11.9773100415
11.6673416697
12.5181835918
12.773201835
12.4008203616
14.1791108922
13.6209059367
13.4618095951
12.8102296904
14.1318696814
13.0860858916
12.8663870573
10.7762803544
9.80039844125
11.2884986469
11.4939409219
10.816038406
10.8012033224
11.627731699
12.8872972249
12.4325880749
9.99836109642
9.94747234626
10.5442677201
11.9513846863
13.6107372759
14.118002964
13.2830314079
14.5360250187
14.9290729975
13.9058359112
14.4063404434
14.4544547364
14.8326228087
16.1858731984
16.6646375023
16.693988279
16.2775750498
15.3351140242
15.0627626819
14.7505933456
14.6504507033
14.7714460117
14.7432509439
14.1520210822
13.3284818632
13.7216449081
13.4693308315
13.3335125056
13.310412572
12.249899714
11.607253594
10.6974676217
12.43304308
12.6268196932
12.9929498152
12.4262087442
12.6798626676
13.0246118171
13.8179712348
13.9300008239
15.0311667549
16.0031847839
16.3382920555
15.7643431948
14.0389904001
15.0881499187
14.0524472478
14.4404297964
15.5001183865
15.7774435823
16.0244052865
18.5880669334
17.1290377469
15.8684602038
14.5532158044
13.9566794839
13.4213623003
12.8272221815
13.1676282912
12.2925468879
11.9050160128
12.3264682201
12.8445066595
11.0124089326
11.4665473221
11.7947908558
11.2471482397
12.2087495013
13.626781874
14.623279395
17.1556536508
17.9399193968
18.7238072178
19.1885932428
20.4355109461
21.302768149
23.1525775349
21.6164174417
23.5905551718
23.790687355
23.8469269693
24.9108978717
25.8435729033
24.76261105
25.8933781259
25.8197483225
27.3780753003
27.0466361981
26.5474734938
27.0246702085
27.8894802391
29.759225328
29.9820413983
30.438099942
30.2459234743
31.1905648222
30.7905328743
29.5868163474
28.3630461876
29.8745281774
30.6034520854
29.2780291132
27.5903169697
28.4326600394
30.4565886166
29.8181071152
29.586013304
30.2917508965
29.2949950219
29.65897136
28.5000576654
28.3104168306
27.6776844317
26.7427065211
25.1917018107
23.6809308078
24.9118422111
27.3587494539
26.7655639437
27.5582917618
28.1666764188
28.970081792
29.6978904035
29.9803531979
28.3223095403
28.6944999905
27.7242247186
29.252894753
29.0170667709
29.9696636586
29.9075415598
30.4672490767
30.8755851799
29.849835407
30.3824995639
30.7283054723
30.2900712529
29.6533565099
28.7841827069
29.6222676069
29.8168231834
30.8092543266
30.4011028963
31.4537392572
30.2094379777
26.6301420401
27.2055444765
25.7524664957
25.8010008916
25.7924955252
26.6972674371
24.8589715872
24.0321068881
23.5181786293
23.0565854346
22.0755197178
22.3941493193
23.3256763726
23.0710823244
21.7726223318
21.1847046922
22.6208861586
22.3414599587
21.1843504284
20.6695669393
19.9728062054
19.2054098081
17.2267563396
18.5096063386
20.4372637853
21.0093922312
20.5380062548
20.712127532
20.2151998571
19.3359496428
19.2951421276
18.051908589
19.5417852391
19.7363464042
20.1300045406
20.2878904283
21.8088173997
22.7081052576
23.1694987485
24.3037443065
23.0361339732
24.877945484
25.8424301916
26.3977127987
27.0549461211
29.0453897848
31.1933790304
31.2176425005
32.7774444611
33.8913709791
35.3562536905
33.7990832622
33.0055374771
35.2900228804
34.8075422865
36.5908047537
36.0978653339
38.0310764344
39.3614891654
39.3255560469
40.2635173746
40.3068487436
40.3223133223
39.2504019468
39.6750796557
39.0045041315
39.6128896192
39.5487949134
39.0719357765
38.7360288132
38.6256495001
39.6190246374
38.6086592989
37.572188654
38.0083448625
36.8886101577
37.4169074531
37.8475104638
37.828337804
36.6374595658
36.4008868554
36.1289500305
36.0464239612
35.5376884504
36.3489899919
36.8735374934
36.6696110441
35.3621494054
33.5696063413
33.1878820305
33.7512977758
33.9559813268
31.9699985608
32.2991230892
33.0900916564
31.5646725165
32.360372732
31.8416240795
31.7290408714
31.9132788537
31.5501846814
32.602128131
31.1440142279
30.5524205545
29.3905045762
29.6372444363
29.0560370064
28.932150662
26.637615815
24.2358677096
23.0879096066
22.4776369842
22.0010259895
23.1005699576
24.6261049109
25.3882134287
26.211131203
24.3671031861
23.55496751
22.9118547755
22.8608858122
21.9545497742
22.3421467514
22.4038455185
23.7654077549
24.1997044054
24.1026850565
24.4105533164
25.4583359723
24.858097241
24.4506390148
24.5177451357
25.3378766718
24.6011374549
24.641480433
25.7357997535
24.3534246784
24.6350025306
25.4560847322
24.532859967
26.0094384758
24.9818917436
24.0928054892
22.6020025118
23.3000588372
23.0364380212
25.6616489246
24.6398801052
24.3116184
24.7224831459
23.3841748146
20.7722960372
19.4746111912
17.1172776397
15.2976796911
15.2067517148
17.1787924899
16.3308139077
15.6205492226
14.7385696206
13.7316909231
12.4284484806
12.6871317632
12.2158399454
12.0345962883
11.8561248939
12.2950159883
14.4768877368
13.5576437719
14.2333158708
15.4330981221
14.7470218105
14.5068256027
13.1352893912
12.8241818585
13.3414717796
13.2777095472
13.7382428387
14.5174467198
15.7896767531
15.3258354462
14.470165426
12.629908883
11.41862985
10.7596653452
11.4400806381
13.3250829549
14.4725276399
15.3142950053
16.0070844925
15.7492291819
13.8416548162
14.7854466916
14.711697863
13.7449974888
14.0367717157
13.2145744423
12.2719941595
11.6038852301
10.0563891439
10.1279667763
8.8982470082
8.70586828554
8.0430941026
7.26834334896
7.55359972115
7.10716625593
6.45598200826
7.76479743119
6.29403273269
4.25731278172
3.35764680449
3.92290902599
4.33422900809
3.69014229362
3.78091389213
4.34005036333
4.59214286758
6.70426130619
6.24633037373
7.23643823785
6.81481259769
4.00245904158
4.42346713463
3.62711170315
3.71662169299
2.87281092601
2.14158159772
0.345503017843
-0.149390226654
0.523973009629
-1.69753453338
-1.46110714958
-1.38428162399
-1.29587510595
-1.59072124884
-1.42929722243
-1.59337931431
-2.71197173046
-3.02274289793
-1.87956353577
-0.968865427748
-0.424409007611
-2.52418543831
-3.31632607463
-3.54027582885
-3.10874092036
-2.40452416434
-1.36303269942
-0.0324232000605
2.16391131831
1.82625302694
1.94289237738
1.23059086654
1.68629651031
0.568965436462
0.517225407336
1.47983325553
0.956150448385
2.41192396169
2.78229584436
3.25521356405
5.00938124541
4.80634901075
4.59398812119
5.32989272687
6.29346951358
5.71443087756
5.67912439933
5.74908044145
6.32044332487
6.59801369719
8.55816123895
9.97947166052
10.8617998529
10.0463259396
11.238274481
10.9689801699
10.1974448538
9.74764400043
10.2239235756
9.48506788338
10.493234403
11.5914904887
9.63674639944
9.65345044284
8.30034574665
9.14372510744
9.22936054088
8.49975553561
8.83748533746
8.19549934939
8.56776202825
10.3964238005
11.2060663651
10.7546981856
11.6754713353
13.3884771083
12.8556143509
11.4343630337
10.2003419269
8.92660409606
8.35144039259
8.02294250025
8.10227419845
9.39124479607
8.98811521644
8.75008562857
9.94473832322
8.78239797805
7.69883778353
7.35367285474
7.80789562502
8.94646577038
7.79576174735
6.56545521944
7.70129630546
6.69079180319
5.8747854003
5.17789453442
7.69850846852
6.36977129047
6.98359850661
6.80493531945
6.83786719269
5.20947363518
4.42553549088
4.55309173739
5.12490039037
5.7568289634
6.43652413593
6.29200677689
4.340419629
2.23422906428
1.1226212038
1.42887141456
1.20985914975
-0.0531953587011
0.30922924104
-2.69224460427
-1.63324919828
-2.35857164036
-1.50620480956
-0.385600626355
0.245379655225
1.24651647148
1.85345032112
2.04897771858
1.45044506785
1.78896206224
1.08817810437
-1.02846510107
-0.152042152566
-0.975625647509
0.032628659355
-0.091501513962
-1.2418291956
0.037115435607
0.51610901284
2.75199407549
1.1183601957
0.569597154747
-0.221464974618
0.140651020988
0.982773028815
1.51914366273
3.5374224642
4.24662241501
6.04768509735
5.12269745855
4.28954919164
2.90049301843
3.58974623562
1.47789867451
2.67514299477
3.64938687937
5.24445714351
6.14655618097
6.96804476332
6.07740393154
5.58648131059
4.05731463481
4.64116961539
5.14399839716
4.15002765088
4.37780971128
5.40600412045
4.79714424878
5.33150174063
5.65615471521
3.82188008331
3.56412202447
4.83723669622
4.15215272382
3.12113372562
1.27502808681
0.488196770344
-1.33776501682
-0.679483801271
0.090571488969
-0.413330017365
-1.45567783454
0.258752897943
-0.616509660829
-1.09064778199
-1.63727675115
-1.63253332403
-2.50174335273
-3.67248379719
-5.28439810561
-5.00001321601
-6.73162309236
-5.97301727803
-6.6794734264
-6.7935640065
-6.06677470506
-6.98750714479
-7.24992784908
-7.90290507602
-9.54110004237
-12.1639972559
-11.314770544
-10.9792028592
-11.5010791555
-12.0406190132
-10.718336654
-11.5301587225
-10.4688875733
-11.5308030715
-13.7027605542
-14.7899390828
-15.2777126132
-16.0569192623
-16.4206707825
-17.4182882579
-17.0628923913
-19.1539704736
-18.5797526037
-19.5677325833
-18.6137391474
-19.5601357994
-20.2637404037
-19.6906874641
-19.2454744836
-17.5183296615
-0.506099287553
-0.996190791924
-1.36162855327
-2.66893814846
-1.07252268596
-1.36703309109
-0.694913457245
-0.612448500167
-1.10674439035
-0.664034617636
-1.24847355627
-0.698366420258
-1.98886132296
-2.35145467301
-0.479814383782
-0.108822428895
-0.66490911116
-1.98951211969
-1.9861491099
-1.3432635029
-1.69950312627
-2.08958345569
-3.1108208801
-3.39717636717
-2.50005528211
-3.26466952507
-2.12699039467
-0.475783710492
-0.0942726257021
0.0157234008958
-1.01504214048
1.40124021759
2.36887787581
2.21551796693
1.6207042442
1.39344494948
1.74124103436
1.13471911997
2.71843985881
2.14334790808
0.779530204906
0.849737976461
0.23002720327
1.46270546942
1.28800070508
3.58135301859
1.68069316531
2.83585660846
3.78411201585
5.86379815789
8.02623074064
7.16682069532
7.42548747594
8.01465931735
8.0400023075
7.77221012521
7.42082400528
7.27612417729
6.6465190049
7.12117751764
6.28071303394
4.33740990205
4.80479623817
4.89078118235
4.34653699854
2.5161452546
1.92944709398
2.3092232401
4.45964320905
3.75217091093
3.43679054949
1.83398935338
1.17931460403
1.58710335492
3.39293223126
3.47654846458
3.98800634479
4.49546767076
3.10281290219
3.14906772325
3.0063818302
1.28464512825
1.15778821191
2.14984133168
0.843219790594
1.59985627117
-0.216907283233
-1.24759468721
-0.215444991525
0.649731301797
0.802663624087
-0.301565561814
-1.27536793524
-1.18178470072
-0.420994319555
-0.679657541302
0.0540885322703
0.811940972565
-0.4687398173
-2.54686585263
-0.673895757145
-0.0124587583429
-1.56138933374
-1.94960637209
-3.58074467228
-3.11520838137
-1.19782782795
-2.41193899835
-1.36397548652
-1.13434966218
0.173043438594
-0.561143664976
-0.345829285621
-0.27517565896
-1.06141235991
-1.01465327739
-1.55077090872
-1.95354641249
-2.37834117132
-5.23203155223
-3.99782814437
-4.78901230081
-4.75724103087
-2.37130561381
-1.92611685793
-2.22038088487
-3.31331999003
-2.30551984393
-4.05449891206
-2.96689282212
-2.87404891192
-4.99770803172
-6.92253354157
-6.22983364262
-5.5586299886
-4.07965725137
-3.88704461334
-3.67481162517
-4.00032013005
-2.99757707699
-1.84409142787
-1.47413244972
-1.04585655761
0.75158232282
1.22705374958
0.934196049074
0.449321756126
-0.83904772641
-2.20094214763
-2.31596238373
-2.01991817713
-2.43812556229
-2.20178801129
-3.47091208108
-1.91144636451
-1.33083009174
-2.35125519277
-1.98071120191
-1.33126427232
-1.11232162004
-2.09671542025
-1.48664070935
-0.0635216820572
0.318184241333
0.409586159135
1.39325823974
0.42171491266
1.01543978368
-0.0216040393786
-2.08951358017
-3.30075398424
-3.73925931083
-5.74029798921
-6.01379894273
-5.10256608737
-5.09367431588
-4.92535011955
-5.13494619251
-5.09628085458
-5.58254352417
-6.53087756011
-7.67971343004
-8.08039451058
-7.65425303932
-6.31552117431
-6.07487182899
-6.84005765923
-6.21463021153
-5.12094076588
-4.78985324864
-5.37119060915
-5.47875942029
-6.70099007338
-6.31004901773
-7.1586615473
-6.6736673083
-5.21702555372
-5.72634701251
-6.08549478691
-5.17266587672
-5.15919381346
-4.81225804372
-4.2259672981
-4.12795096447
-5.1433593686
-4.04771986533
-3.19341726851
-3.02061225615
-2.75183319367
-1.5963149643
-0.512944076306
-1.30608007511
-1.16433739479
-1.59995141694
-1.88076726111
-1.46547413981
-2.38282908958
-1.66656950159
-2.45476426863
-1.31143676421
-0.78869841494
-0.166522222956
-0.253903936284
1.16273218571
1.1238558029
-0.534920253408
-0.267442748721
-1.1077547502
-0.371465940367
-1.11057179189
-0.812583180169
-0.130840236085
1.29376452728
0.619075967821
-0.0359274974213
0.193297577696
0.0165793637152
-0.205797242446
-0.145601438778
0.748857106788
1.7365467735
1.09712483831
1.2238330039
0.370941744579
0.446466297133
-0.882235556002
-1.83436517151
-3.46179415296
-2.51901876581
-2.19909695225
-2.01857038875
-1.80459309752
-0.494463807825
-0.728314732211
-0.323713211677
0.193354936169
0.0281332237859
0.888823219724
2.55401941094
1.28575315967
0.586463314348
-1.25411231704
-0.769950439515
0.940746193013
0.721367879323
0.826279290834
1.58227809692
1.66341988578
0.995656903532
1.03572394144
-0.0230613387865
-0.435479801904
1.20516222996
1.7414911736
4.14423210803
4.64045101581
6.09156598576
4.56547626738
3.95763624503
6.77463528201
6.26682186843
6.87633336127
5.17017448834
4.20269181083
6.18248639572
4.85582191205
4.34882607926
5.24364393427
5.29806339321
4.74676366217
5.31937219818
4.47365296756
4.81505466042
3.50592179503
2.63842062499
1.60852332542
1.51627548348
1.76272550255
2.11093625627
2.02093984348
1.32588852995
3.88851651295
2.95638628764
2.3874333028
1.53130309633
1.60407358269
0.0792924298373
-1.48597611343
-0.713962229802
-2.08093905872
-3.23024397997
-3.16923740312
-4.50601969237
-4.44634890606
-2.0601592268
-0.521018302691
-0.688004724163
0.276801236512
1.00551216057
2.52185810818
0.622433507784
1.64874361704
-0.371193044629
0.54511861919
2.77395386113
2.48734043808
1.40413807436
1.904325537
2.7396148625
4.43599909144
4.54382573989
4.71324414276
4.69149140627
5.41434831733
5.34949268065
4.81073061039
6.04615199388
5.29913008392
4.75907544028
4.79936212081
5.82840336359
4.55283312111
5.21529478869
5.41793974242
5.54665259648
5.69779334421
7.12622304291
6.5203239857
7.9909650884
7.40888189604
6.47657485332
6.17612352731
6.52404518077
6.0488228484
5.83226837625
4.74802932135
3.66850327228
2.08617644451
0.456287894985
-0.645546353972
0.0652708041334
0.696601990327
-0.313171476628
-0.3986654383
-1.29389861334
-2.48597890009
-2.06790435198
-0.76873736545
0.0704929178871
0.0758952311222
0.49507666332
0.68852510749
0.629334300589
0.784638349052
0.229972530054
-0.0191848112075
0.416026529486
-3.18578397141
-3.27255028725
-2.72938808123
-2.44438491909
-3.92749607117
-3.62536495982
-2.49503428979
-1.89632231359
-2.77352017405
-4.7205356188
-7.20033543381
-6.54799933073
-5.30841105475
-2.49381445691
-3.56082662743
-2.99076438844
-2.50596219036
-3.83926323304
-4.41994667586
-6.04003019883
-5.91607682335
-5.79623764525
-4.83359625116
-4.33988878784
-3.406221903
-3.56087737635
-5.3663471379
-2.98933606411
-0.69900301029
0.269996629217
1.01473174605
0.870699618657
0.964221543515
0.523109473947
0.514978115054
1.74703091986
1.89397018479
1.1638768059
1.14313778693
1.33467707188
2.94115694276
3.28766666963
1.83409247784
0.173617012746
-1.24414191296
-0.907644575509
-1.73467111495
-1.99930310613
-2.97008930105
-3.10012573408
-1.81773871809
-2.14101229471
-3.17577137541
-2.37894520582
-1.89613167554
-3.04710009222
-2.67867353863
-4.22566916586
-2.91533865897
-2.82059939735
-0.726044100601
-0.207109623413
-0.0478442631094
-0.627153289855
-1.07824252585
-2.68356832891
-4.1359354907
-3.13886334579
-1.64334995181
0.121346634792
-0.888975029116
-0.347838789355
-0.761404134713
1.377928484
1.43357177672
1.43514054756
3.01743427048
1.94801691074
4.82317353629
4.31910425225
5.21229031139
5.58814098943
4.2874586779
3.87598383955
3.9884420264
4.29505725427
3.14474880144
1.82863834925
1.79606262008
0.64050992524
0.80263233616
0.542726247633
0.499375234532
0.975496194147
0.732770946707
0.627467854654
0.849777379189
-0.282004036558
-1.62523116661
-1.70538914256
-2.15636587196
-1.80013512578
-1.10292022287
-1.15760098349
-2.26794593853
-2.69584167642
-4.43676088251
-4.52601624109
-5.33967580451
-6.22169855452
-5.95269987321
-5.6401057899
-5.66235087079
-4.83810475166
-5.80857950569
-7.78106542274
-8.05662737265
-7.53058816981
-6.65221528392
-7.26454493169
-6.95338477095
-8.11583625447
-9.25982200146
-8.27433205631
-8.03335273268
-6.7674092308
-6.67680145789
-7.21612213646
-7.65638757297
-6.00989709977
-6.56135307267
-6.45230175951
-6.19710241148
-5.82086411062
-7.54613073119
-7.68695803335
-6.91184474334
-6.62003663324
-6.54905302514
-6.3109170098
-6.70384427729
-6.93083429007
-6.09385649926
-5.99159957384
-6.9478160897
-6.62765705653
-6.74186541582
-7.79065314011
-7.60311117785
-7.46065106675
-7.82229139295
-7.21466810171
-8.0302472811
-6.97623673695
-7.58301846563
-8.65882556885
-8.14718198023
-7.81328286495
-6.65133311
-6.30190987325
-7.10129681168
-8.37931539823
-7.95711392209
-8.33723147853
-9.14311954047
-8.2588332281
-8.83129003663
-7.77994237932
-7.51687106902
-5.95192337825
-6.75512090429
-6.49666730985
-6.19757570261
-5.84926883966
-5.96185551695
-6.8215540754
-5.83258420485
-6.28142262343
-5.03023843415
-5.94240344783
-6.5352175564
-7.15560160534
-5.5453626796
-4.5738545809
-4.76723455351
-5.2322196911
-6.11154817285
-6.28850413542
-5.04361698128
-5.83801954209
-6.29110335057
-4.38885359129
-5.58726215217
-4.35441780549
-5.18075077449
-7.4054188981
-8.70886640086
-8.7297731438
-9.51580854753
-10.4957141943
-10.2018687712
-12.1580931321
-11.4170240591
-11.4279150733
-11.0152635854
-11.1107596546
-11.5345255419
-10.9374665741
-11.5821794249
-11.5110933729
-10.3961031338
-10.7880770367
-8.43132971556
-9.74927275912
-11.1171426633
-11.6568223712
-12.1611504171
-10.6689927992
-11.0092110904
-9.32175259691
-8.29242799566
-8.72229123949
-8.10534043921
-6.86537721479
-6.44780087928
-5.92688669115
-6.35580004173
-6.53909295451
-4.45223227038
-5.49988181161
-6.17709186388
-7.60027127405
-7.34533779196
-5.79555506167
-5.01832476838
-6.37003452641
-7.78502130849
-8.15798950311
-9.23984224331
-7.50190877518
-7.97781596311
-8.7499487461
-9.83029438653
-8.96618181834
-8.29376499355
-7.19755754994
-7.32566190213
-7.41813391238
-7.39206395125
-6.90691075673
-6.5596582735
-7.71519391972
-8.53979189934
-8.57741705544
-8.07887502916
-8.22082692128
-7.83073546828
-6.97362379923
-6.27314939487
-5.85499181382
-6.90457488345
-6.0981239028
-7.51287245441
-6.9722554668
-7.8561975333
-8.95299373793
-9.55282756164
-9.05041390455
-9.32331652892
-9.2931468462
-7.50124668387
-7.56412849785
-9.44040492849
-9.14346519967
-9.91957595463
-10.5911239601
-10.3807990251
-10.3678162945
-11.1713026503
-11.5670222479
-9.1014730659
-9.11579859491
-11.1818290082
-11.690853566
-11.6995649185
-12.1786307477
-11.621282974
-11.0122247104
-11.2820448565
-12.2994925709
-11.8599803441
-12.171446472
-12.1612411578
-13.2748341407
-13.7511776609
-12.8922564779
-11.70284181
-10.9502253557
-10.7426064711
-9.94727609239
-9.06530974593
-8.90302080997
-8.54653704243
-7.81222052544
-8.12199626068
-7.38586466395
-7.6272184969
-6.48226953605
-5.56743164245
-4.93086856609
-4.57707202509
-4.09315825488
-4.06755625738
-3.50130163256
-3.9789535775
-4.07829975179
-4.21237001896
-5.018138134
-5.01812906448
-2.44778822873
-1.52751276288
-0.325246987793
0.0259030692514
1.53732354901
2.47714885268
2.10435577824
3.59928491315
3.86108005706
3.75720578186
1.95463099882
1.44800335072
-0.141987575058
1.31020612769
1.29969552097
0.298752653114
-0.698934080307
-1.30146781556
-1.25968191291
-1.90634667501
-2.22654457289
-1.51689569439
-1.05642209702
-2.63661136446
-4.24649242575
-5.42229742609
-5.56980649419
-5.71115683056
-5.66842035062
-4.39195305731
-2.06092312377
-2.6998729935
-1.93938827763
-1.83765383347
-1.98049431082
-2.44892066101
-2.8585610126
-3.27372664869
-1.92874081614
-3.27627677854
-1.91153791916
-1.38882021981
-1.00017334385
-1.04387983631
-1.26303938323
-0.597921083716
-0.978878690402
-1.02010530063
-0.985834945109
-1.23548223579
-0.223724706234
-0.477466090684
-1.51048924035
0.187227605031
-0.83233391797
-1.99189981563
-2.3151072149
-2.90439445242
-2.75659767444
-1.00270560395
-1.49939532111
-0.342043058876
1.07166793709
1.2969697977
1.89823851807
2.01981400864
3.43959098484
2.07913291372
3.38288552167
4.23027176683
4.48544450108
4.43220132961
1.44740389477
0.192774105994
0.0813797726958
0.405402512206
-0.856763809526
0.757158284053
-1.01339808502
-1.15417509434
-0.741139159313
-1.22466748919
-2.46920028686
-3.53412441953
-3.33863608221
-1.6055872095
-1.80965788408
-1.93183510039
-2.29310715454
-2.61601210668
-3.40821317374
-0.515483772295
0.00304624077849
0.127417032747
-0.967923828905
-0.584464293758
-2.42014252557
-1.7098178195
-3.88238704146
-3.66244356128
-3.11042490682
-2.84674488089
-3.14689511048
-1.6548459046
-1.30729079309
-1.11093531841
-0.256528645511
-2.13930769411
-0.478081592992
-0.0704186103976
-0.473040044582
-0.306290108851
2.44567667139
2.4888978032
2.37199986164
1.92347188576
1.32247537512
0.812745179163
2.34486459215
3.15666097661
3.44413145097
2.47256355922
3.13391077559
2.69870795515
2.05777640339
3.0406079713
3.7944450481
2.62694382602
2.6244269468
4.13940328758
3.31658907797
1.92394076471
2.32964796038
3.63066395279
3.28376889115
3.46914954794
4.72563948104
5.21482436249
6.06343352568
7.18165349101
6.03837671116
4.49427489095
4.00604842173
3.70004091405
4.30780321785
4.40244703134
4.5692696046
4.74928406993
5.55588543316
4.90772363244
2.27326306014
2.17940998613
2.53375889091
2.88286237393
2.86459337224
1.83625688291
0.513827519852
0.300575583118
-0.0913270619013
-0.307970342034
-1.51497615415
-2.86574779007
-1.42241626958
-1.16855768312
-1.95255672113
-0.382547882663
0.747963935383
-0.185377708718
0.718803932486
0.0889779233173
0.618171106195
-0.642527166114
-1.38970872391
-2.67707802809
-2.83119105452
-2.66996901722
-3.86924314316
-3.03201653258
-2.6779711719
-2.75524325633
-2.63531149434
-2.65625869788
-4.2434301481
-3.35416985097
-4.69430388888
-4.45643300084
-4.13840541979
-4.53538680027
-4.07857229077
-3.76031808017
-4.34596251317
-4.54778706129
-4.03527337175
-2.85779876189
-1.87010440924
-2.01858839764
-2.28544303977
-1.83488494105
-0.072996167464
0.966670912803
1.40487541744
1.23170493138
1.65477554212
1.2703897489
0.641061612155
0.286528887541
-0.0859727451688
1.22943228703
0.760832361958
-1.10671792392
-1.69173222119
-1.14159002193
-1.12556171017
-1.90493833425
-4.28399942675
-3.47224593814
-2.33255385866
-3.30632132255
-3.80718946699
-4.19539063928
-3.05510858609
-2.9606424485
-3.97754719574
-2.89684863182
-3.91672671695
-4.79421925308
-5.02443752968
-5.46493724557
-4.43436048388
-6.68478537504
-4.35345024698
-2.97469633116
-2.84659992127
-2.37593674828
-2.82388648525
-2.35425774196
-2.99365825058
-4.31189560334
-5.36700508688
-6.27823439171
-5.69638320823
-7.94167369514
-8.58974674105
-9.73636085823
-10.9817363153
-10.4387218325
-9.33737874514
-9.14973109814
-9.53380107122
-8.64538479863
-8.11506932745
-9.52955995952
-8.08118143443
-8.97673969419
-7.84964669538
-9.25310569709
-8.56990314157
-7.71016025685
-6.83924968859
-7.59561341096
-9.09765530667
-8.79745074932
-9.54614041238
-8.94200880539
-7.68185604372
-6.86113865089
-6.83930110213
-6.90333877832
-5.56050883756
-5.30975634761
-6.19518926003
-6.3838940388
-7.95408844935
-6.31814865537
-4.67296478759
-6.64670989571
-7.42949469252
-7.87046077223
-7.53639605918
-7.8308934798
-6.05376529081
-7.18862619905
-7.53317234845
-8.91078079984
-6.84778186873
-6.6831632078
-4.69414778676
-2.64291424825
-1.97419858611
-1.85785021851
0.279273904433
1.90291226858
1.19528471492
1.58413339852
3.02342679883
2.48985459401
1.94440511584
4.59494310041
4.28445538418
5.25210346364
5.78828710781
4.82437090923
3.40922533595
2.30655023725
-0.338434689816
-0.611354504759
-0.897992895716
-1.09056396206
-0.759804194771
-1.57446531685
-2.52080450421
-1.94561172643
-3.56882246043
-3.37563571118
-2.36585653304
-3.50193821703
-3.57460004626
-3.64557950765
-4.81416313453
-4.21781520895
-3.16252531008
-2.44836411063
-2.06677351878
-2.89378668306
-2.4309537481
-2.11565453355
-1.51356647798
-1.22991078072
-0.413243119345
-0.887409497149
-0.829464150535
-2.0726318621
-2.76788825454
-2.56535472018
-1.75823368869
-1.80393837849
-0.165982912207
0.457271004566
0.745828362056
0.820755062838
0.265934649126
2.82904341274
2.60738908092
1.4875115605
1.08476987486
1.36976521277
1.6527184808
-0.418412191905
-0.751962938915
-1.08303931513
-0.962405451454
-1.19980006304
-2.14004025052
-2.54252425122
-1.1763544163
0.468602926537
0.933762900842
0.229344998295
1.86554757406
3.33337864299
4.90462405535
4.99497460868
6.21377616828
7.5899399809
8.20248823825
7.91795155966
7.78170923515
8.65308153331
8.00050591101
8.26281461958
6.80218873712
5.8668414426
6.36483183434
6.61734962687
6.51676066658
7.78002366943
7.70739662842
7.27952844369
7.27012136266
6.41487508002
6.73632611898
5.297788312
5.47854811622
4.87007353807
6.21114906722
7.10744716496
9.0653212935
8.41379642762
7.68875039992
8.81471472842
7.73560939001
9.1148692745
11.3094971274
11.5479194305
12.1078440566
11.0548319674
12.5529672196
12.0789490936
12.0970135678
11.8136705194
11.0297148151
11.5394921615
10.6596026263
10.6364484877
10.1116862972
11.0098140916
11.5969729759
12.1296818533
11.9446702902
9.94429927668
9.49418693484
11.4094526116
13.4758726553
14.6729898756
15.4427610933
16.1024599809
15.0081790719
14.4855736038
15.2454632489
14.5990678954
14.1721692008
14.6496680138
14.0139114234
14.5779596008
13.3128120917
12.20425974
13.0323043751
13.8208404288
14.7757149461
16.6933071058
16.4384795051
17.0158260959
16.4964392106
15.1271150933
17.4008014718
17.7802356032
17.9569439383
16.9784295832
18.2315453388
18.5209559999
19.3448749161
19.7982968504
20.5048392746
20.5441066502
21.1436798786
19.771751489
20.4666720601
19.532247427
19.7466987957
20.1493744461
19.8150812877
18.8162256758
19.178689066
18.1267262405
20.1710886933
20.6424909244
20.2027129614
19.7673010977
18.8230825027
17.0973350158
16.5864101007
16.5515179775
16.1345280626
15.0499657824
13.172327154
14.5091311902
13.9114528738
14.7193431284
13.6243116053
13.7754746574
14.1495300917
14.8498952715
12.8593758572
11.8466479274
10.5056574459
10.2093833827
10.8876251425
11.2300460785
9.40188308255
7.95675334088
6.65102496286
6.11713561537
6.39400231996
4.97245755167
5.48215877899
4.255368285
4.04598282822
4.42044320827
5.24701432797
4.57879242706
5.20139019254
5.63684309721
6.97312088768
7.54979788022
8.0426012525
4.90390498673
6.51637435291
5.77198583143
6.81873922263
6.71069403864
7.72390695332
8.58305694723
9.26667006484
9.01422476271
9.26885233792
9.53097613507
9.56981159972
10.2807607164
11.279483042
9.85232713654
10.7055935116
12.3439696046
11.8350142157
11.1756390199
11.7497080615
11.6567102541
12.282051537
11.287542167
10.6352627493
10.0369819928
9.90418083015
9.69246615371
11.0418617527
11.5708156332
10.917756333
12.1124655656
13.3390489561
13.2142357877
13.9520369814
13.7820486431
12.9692369134
14.5219332631
14.4634990895
16.1766894864
15.6924093143
17.8880681308
19.4182835199
18.2028766882
17.2682051654
15.7532103223
14.3070025112
15.7782868536
15.5867376417
14.1257529499
13.6202368206
11.7863119192
12.0362235086
11.3750300703
11.5779855759
11.4031051853
10.8489150305
9.82265773647
8.61853466604
9.52626751992
9.33859012006
9.34533592079
8.44794411953
6.85602187229
5.89431907891
5.9345238089
6.7377028606
8.33450162191
8.23253834547
9.09807194577
10.2311228533
12.1267265896
12.2798753623
12.8996453197
14.3273763692
14.5964199676
14.8392161441
14.9412927112
14.551422059
14.8362949703
12.8667152596
13.0825315515
11.9012686286
11.9583490628
11.8626521625
12.1465335316
12.7081733623
13.0561557192
11.8642323991
12.0048490497
10.8280105631
10.0279063794
10.1181014939
8.62284331483
8.60821334054
8.70075891629
8.53331294592
7.60830828083
7.9424385711
9.62381786759
10.5053956604
10.8812857025
11.2768405334
11.1152271762
10.2280900572
11.4916057147
11.3013588383
12.1464939145
13.6423025387
15.2411140474
14.1144746515
13.1461959326
11.6435331425
10.7253250086
9.92958111629
9.14351896613
9.10830297949
7.43105823586
5.87577711132
6.59739158662
6.68209854264
4.67796886457
4.61273425688
5.3731573417
5.98583100078
6.5758245894
6.69006552097
7.59669319422
7.53657877676
8.86523580465
9.10919552141
11.5010735717
10.4828188594
11.0448117893
12.5121021865
11.3431183224
13.2335120623
14.1146814433
12.6509169979
10.8354685496
11.5973637164
11.8643947084
11.3142345363
10.9227023272
8.60156028072
8.95808038818
8.3074446185
6.63091704997
6.32616611799
5.357642548
5.18877560707
3.9066576724
2.89664551651
4.77330665125
3.3699567236
3.74175939793
2.99097434718
3.37327612043
3.42718663159
2.95530587185
5.85329208673
7.69516805521
6.92304902606
4.85691927912
3.22657305772
2.41559749324
0.559891776258
1.79414954825
1.69483199272
1.46619714934
0.951015264661
1.9771264946
2.81378737363
3.03530274476
2.68372802712
2.92331939217
2.34803610876
2.54145384944
2.98274014566
3.6069082708
4.03189319339
3.51633982577
4.68358193694
4.89375190258
4.37636012919
4.08162066963
4.97609103307
3.47473303209
4.3688127538
5.37159124207
3.53073852187
3.56585062565
3.65687975897
3.3000243814
4.62852818638
5.10597712448
5.40529182347
6.29615247747
5.16214087503
5.53003620473
5.93023315146
7.40767541223
9.17270119215
7.84239964627
5.83496317277
5.0809845317
6.40703219012
7.25289547217
7.66163853901
7.48115824967
5.15101026206
4.77651031654
4.81724582469
5.57450201811
6.35570978948
8.06962677286
8.31992296118
8.09646523602
8.79337491507
8.47045426588
7.63206768377
8.74167403896
9.4223729202
9.10251947511
8.30467582416
8.10949611821
6.13367325088
7.2773519667
6.47582482619
7.70551320628
9.02875736079
6.92828201196
6.99288748588
9.47171404682
8.44032129939
9.02022268793
10.6500196923
10.2141550769
8.80676049155
8.61189892206
9.74944529469
10.3652177281
9.91035103287
9.22669848202
10.2238798159
10.0892315151
10.694889548
10.2425912374
10.3252371691
10.2367782418
9.77695794648
9.55854295078
10.7432719195
11.9148599918
12.6471455056
11.1427935565
13.0566137971
13.2985452933
14.8546373774
13.741004312
13.6344868131
13.5463513494
12.0452788247
13.4914049569
11.4810572139
11.7970945458
12.5886461027
13.3052919509
12.6490206471
12.5200232095
12.1523612737
9.65422372981
9.23742857992
8.00778312622
6.20592524249
7.90112656935
6.81572367753
8.30686554606
8.24148117408
8.19467519823
8.23334124931
8.06476090706
8.80199030806
10.6561536468
10.9123823415
11.6910776469
11.5886413173
10.4499908491
9.26830874033
8.96645032739
10.3352930429
10.3548135224
9.60538578248
9.57597315459
9.73421862548
9.83626105522
9.44393602166
7.94328552421
7.98394717163
7.76083364428
8.65619664765
9.2033105838
9.25663585904
8.77514082948
8.90460710017
8.48655595555
10.0602159693
10.3597094047
9.66619172053
8.82188533889
8.40522196849
7.22952680772
6.94154467333
6.19034509464
7.39553774984
5.64349132192
4.95074541971
4.96976021855
4.82204670926
6.21419219411
6.95922037427
6.95123908614
6.65707047074
6.07562372516
5.61355331596
5.88474419389
6.2218956909
5.94224201874
5.29414629314
5.12343213573
6.19002491713
5.93318255845
6.59914054219
7.02557023545
6.41638962116
5.51541706068
3.47037372067
3.31212499347
3.46884581155
2.57635661428
3.42297279354
3.11407147383
2.24454009948
0.240408956858
1.34644441005
-0.152231984121
1.20056110784
1.64265292038
1.77312472656
1.17042450931
0.133664170781
-0.728643856707
-0.608474004135
-1.16167646671
0.447595922693
0.587077314075
0.617371525424
1.69357834204
2.69260611941
1.9400081991
1.43155946221
1.8736794068
1.2304663327
-0.216545345721
-0.0817659969405
-0.813426309424
-0.753382111734
-1.67453593321
-4.52235089997
-4.27777303192
-4.68711765071
-4.01010096472
-3.73779400696
-3.76270462778
-3.47981293755
-5.050010874
-5.30146701089
-5.68094908145
-5.28196803992
-7.36037384999
-6.36945683781
-4.95582518976
-5.47011707219
-5.7975188856
-5.71956912719
-5.13191721904
-5.67665344084
-5.14171653936
-5.5825802552
-5.64593540939
-5.41603913191
-5.74759735261
-5.98387957294
-5.7217679767
-5.60985451582
-6.00267746951
-6.22415365817
-6.83126647481
-6.04195988637
-4.44264797169
-4.09916721914
-3.4075274294
-1.38746013746
-2.04200759326
-3.08015808818
-2.98046533032
-4.64679531986
-4.88707735698
-6.22536255894
-7.60627493518
-6.55977234834
-7.77624428681
-8.37859515217
-9.09046252928
-7.96622467326
-8.66005086718
-8.32428860812
-9.65068759445
-9.91789134874
-9.28513309357
-8.39467553922
-8.39073144611
-8.18404406144
-7.59894845712
-6.59236217912
-6.6609845212
-7.51553010695
-8.86707002212
-11.2371024497
-11.8673822578
-12.5559761096
-12.0444752126
-12.1202169311
-11.6714965938
-10.6478158774
-11.3994377952
-10.7194979895
-10.3335411121
-10.0274973283
-9.19035761587
-8.87806424414
-8.60422320723
-8.51542558654
-9.7999486536
-10.0730000921
-11.1890409918
-12.3671145135
-12.6468665944
-12.9844446491
-13.4196890529
-13.6090755487
-13.0880426097
-13.8573220904
-13.8221739526
-14.5726218038
-13.8719283416
-11.879434998
-11.409434061
-11.4768037367
-11.8923960635
-12.3467491604
-13.3646100441
-13.8051958821
-14.2204688109
-13.1440821802
-12.4853066635
-11.4496959821
-11.7123604694
-13.5800152072
-12.6072554962
-11.7269228082
-11.8674662381
-10.0374154181
-9.43377896882
-10.5958039665
-10.0543771201
-9.40668053778
-8.40889722757
-6.32578352394
-5.08135073096
-4.42728826256
-6.7897628676
-5.45976408912
-6.02328914281
-5.72847988019
-6.54900908065
-6.1492657629
-6.24397413713
-4.94155896111
-6.58285725658
-6.13263671575
-5.77814004295
-6.37017731886
-6.71623323138
-6.31871806432
-5.13377069016
-5.08411836307
-5.12659561724
-4.7171711931
-4.48521745116
-2.39574116042
-3.13353648784
-0.593631060242
-1.61248960607
-0.144619261332
-1.59732341268
-1.21529687136
-0.0281294446523
-0.280280847899
-0.849692216574
0.433628372871
0.429614717614
-1.56582679621
-3.62790675987
-3.65002803793
-3.87530072596
-4.53698505418
-5.95094184851
-6.46230829502
-6.92222861708
-8.44816229743
-8.81061965676
-10.7079163512
-10.8170984935
-8.74936568907
-7.99162658537
-8.58653215082
-9.2696857176
-9.86663692278
-10.2214861179
-9.92731339284
-9.7250744727
-8.91075972606
-8.23858388776
-8.50505350474
-8.42983221263
-8.12003389864
-8.83978427898
-8.45258288562
-9.21698100412
-8.97558646857
-7.65578178248
-7.21883863199
-5.09561402133
-3.91244303748
-3.46818902773
-3.28230028522
-2.20029369059
-1.1106969132
0.392035934533
0.342228282219
-0.0795276021999
1.75366313015
3.39575979534
1.9285633725
0.421533153098
1.99162849503
2.70266477958
1.82421647045
4.11069598167
4.22584884256
3.21941364713
2.12616330951
1.95219781639
1.71318121961
1.51837094732
1.7713236671
1.40528252361
2.2566466273
1.59906732044
1.13183201321
-0.110196071118
1.14131734919
1.75824075126
1.54868099881
1.08593507272
0.594852384037
0.78514547491
-0.170529155853
1.47257836594
1.42237523638
0.442038150345
1.22677732821
-0.157137545163
0.546903160968
0.545116282015
0.399472835358
1.94264905167
0.776759167911
0.841455922697
1.42857136332
0.125037669263
0.785141759189
1.09347440263
0.71355160711
2.21457970052
2.31792177476
1.57886254101
2.24564061011
3.02295007417
3.0427507821
2.49042239596
1.14790546961
0.721363119987
3.16063066862
3.20934660752
2.71799177681
2.69934643903
2.29728803513
3.22358961115
1.8356865943
1.66588992921
2.32382282689
1.00214447904
-0.294421316249
0.419622508444
0.808289910384
0.281429482188
-0.361983165289
-1.82317938671
-1.64680948391
-3.01036680711
-2.87734848782
-2.43036464875
-1.23106607665
-0.399327495415
1.45808668807
2.70801722964
2.44164015692
1.65127421526
0.558187144578
1.43693786482
2.42836378543
2.13459338558
3.02955093543
4.58303597677
2.15078449754
1.22315344437
2.1884298316
3.06471622064
3.87841697459
4.70109265674
4.3166750364
4.45163490598
4.28351197009
4.80028949999
6.81489138048
6.55101241464
6.60666894547
5.90483433371
4.64201655055
4.59238988601
3.7305584187
3.44507702729
2.07689435452
1.62450983073
2.37453524011
2.19594718153
2.61536199705
3.07022860982
4.00963202405
2.79006398686
2.69491409771
3.5976595012
4.23741696593
3.85999740549
3.50151828615
3.33362251629
1.48459311916
1.2846206401
1.09096448055
-0.387936855876
-0.268139397922
-0.481492306173
0.322059877393
1.05010399525
0.937176929403
0.807189743579
0.0161661151313
-0.596816932008
0.572612174898
1.365992351
-0.440707897779
-1.77045808964
-2.15725651974
-2.85851727455
-2.57469685906
-1.40611024687
-2.57398240625
-1.89932919205
-0.479989573704
-1.09503625094
-1.27235139389
-3.62969438784
-2.91466222678
-2.98776896358
-3.40782281225
-3.33693595835
-4.15925516879
-3.35046388275
-2.89373429699
-3.5995315047
-4.98035897532
-5.15836916294
-4.37222895493
-5.93245505657
-5.66194829881
-3.98318636561
-5.84109125558
-5.06741157571
-5.46351424015
-6.12399002931
-4.40842317892
-5.53534559335
-4.9109464285
-6.7430589126
-5.60181515153
-4.16057059626
-6.02601502016
-6.93813403829
-6.9831517934
-5.97600108439
-7.02440658609
-4.90543587061
-5.7551234583
-4.87573238401
-4.05705508834
-2.46217356866
-3.17181160307
-2.72004112329
-4.2537823642
-4.48463026545
-5.28741993726
-5.2226401799
-6.03680348323
-4.66567337093
-4.27109843727
-3.11724473655
-1.89401422519
-2.29586146984
-1.76557697531
-1.19443511471
-2.38166632712
-3.40929710178
-4.52309760156
-5.16220994427
-5.65028330246
-3.9976997296
-4.32377652911
-3.53039453563
-3.99782991422
-4.84625876403
-3.72206039368
-4.25184832258
-4.4488372401
-4.6046246584
-4.87224853455
-4.27182724223
-4.87458985909
-6.11144307364
-6.23311014458
-5.5995800689
-6.65939796705
-6.12027518149
-4.21551190408
-3.69918654092
-2.93462503398
-2.10190770266
-4.22917465553
-4.25089792726
-3.46116953978
-3.73785331052
-3.68851138276
-3.64959855567
-4.75397918466
-5.78438513791
-5.89185639127
-5.6380322242
-4.57351837118
-3.69486021617
-3.05192031244
-3.22534993569
-2.23033762204
-1.03461605999
-3.4320475669
-3.75179405156
-1.96080295805
-3.13587586356
-2.37910973932
-2.44411492507
-1.25973696838
-1.85101737696
-3.04282789175
-4.79246838495
-4.7844120358
-5.38048640876
-4.02093415497
-2.48119828904
-2.99426622189
-2.15796547289
-2.45427220249
-4.60041628023
-3.36796074654
-2.81823185352
-4.04281770764
-6.42483637481
-5.28810304801
-5.2487915406
-4.26224241207
-4.07521306079
