0.0946623880381
-0.999262467573
-1.15000540428
-1.00892856167
-0.783502969253
-1.18229980201
-2.25885711788
-2.1940278229
-3.40515317045
-3.5213959139
-2.72898476994
-2.07685873898
-2.22930928054
-1.95389400282
-0.79515267067
-2.12766064766
-2.74853508514
-1.54938770198
-0.505381676062
0.228949218944
0.692194084009
0.875470959642
1.7265912376
2.3166566821
3.35510965142
3.31089208511
4.41171767992
3.96944338361
4.67228966777
4.4018211365
5.13804010875
5.21895622118
5.91652591388
6.77095010579
5.77196374052
6.66290174736
5.93277141821
5.2266645818
5.6718278347
5.51138446697
5.25434562125
6.0430734978
4.86756359045
4.43341640112
2.27973635008
2.18114001938
0.862938535428
0.26766325045
1.2491057858
2.26320233291
2.63793063557
2.7112273652
1.62705513987
2.42749342211
2.82159351733
2.39945038585
0.440103890084
1.08271890444
0.467648044199
-0.0921672318711
0.152327051346
1.42268805733
1.77612569742
1.89438258925
2.24834038496
2.55196952088
1.5021620491
1.03708432784
0.163089870892
0.700949130433
-0.284025898481
2.61829229598
0.77756660242
0.746004981248
3.006813393
1.71094756468
1.54101136756
1.93146982674
1.71884288456
1.57208967379
0.703310305688
0.247314651359
-1.19208272178
-1.84531585327
-2.7743634781
-1.71378241193
-3.6461259183
-3.17973653125
-1.74042673292
-2.4591046913
-1.50328961812
-0.487300640585
0.83363873152
0.22519745481
0.968664715898
2.32081088183
0.57237362125
1.39965579534
3.02762221522
3.6166768083
1.50795365072
1.60206640741
1.8544298026
2.50478797382
3.49653926472
2.14923802452
3.48706273231
2.90156748666
3.25873647023
3.56715992
5.0046422373
5.70266677788
6.92764013897
7.92602374006
7.19725246981
7.78108791778
7.43268059035
7.39514869015
8.14332870323
6.9062653466
8.54445384353
8.58210135815
9.07498112701
9.1901886063
8.76533624158
7.26717911772
6.88552664216
6.94519094139
6.43690509667
7.34046203872
6.97594925967
5.88309913901
6.76425588026
7.52462785625
7.97347552729
8.47270291416
9.59119300702
8.99177116553
9.20833807726
9.23622013295
9.766783344
10.1861389352
9.74235242143
9.44233433136
8.73476516977
8.43015715617
9.88143991592
9.54551541825
9.74775129882
9.08074454168
9.72736000716
10.3692893243
10.2896869133
9.92149295021
9.865438582
9.84994666353
11.2998538683
12.024677379
12.1270712346
11.4407680312
10.4151419899
8.3218630701
8.833876749
9.95221854487
10.5874455723
10.1702760852
10.4474988756
12.8498162385
11.8410229623
11.7069205123
10.7010859627
11.0147297591
10.0893857586
9.50812981689
9.46507888899
8.19053879648
8.25319701263
9.7460734008
9.57628315974
9.07698216442
6.90426656879
6.07241366454
5.65076896191
5.67292956763
5.95777667933
5.92527261065
5.94644720108
5.70582582604
3.59653765689
4.44384580226
4.21911943446
2.6516920368
1.38642046792
3.02958470275
5.32994993654
3.52353652271
1.47253135654
2.61451246023
1.73173531229
1.85860985495
2.46410940123
0.0172176293337
0.0137331464853
-0.971094097659
-0.653512005824
-1.46515482747
-1.92385769087
-1.60099616712
-2.65666593833
-5.06524288109
-3.04386105263
-2.82847602853
-4.22784879028
-2.65265373006
-2.72048378135
-1.1258016628
-0.104290341429
-0.932287146114
0.157819497589
0.640381078296
-0.270007942998
-0.370273023038
-0.0995131178984
-0.34356846899
-0.668387630115
-0.636243188236
-1.13141558661
-0.953053085808
0.790947559253
1.76656503864
1.82492156347
-0.312548408242
-0.371707896786
0.0174685033609
0.286394688096
2.62811084754
2.58753884732
3.80243223833
4.25331290279
4.13270221836
4.95978346919
4.82497060799
5.38806243528
5.37854027127
6.93625153392
6.37588342008
7.43777318388
8.29157728706
8.40322494272
7.87964135891
7.69034529673
8.5268402736
7.83204682161
6.33966464468
5.13753782361
5.52389784297
5.77191335369
6.1270247835
6.50941593141
5.74795373949
5.37207321134
5.82654845417
4.30225012839
4.95707144115
7.07194919248
5.39320097752
5.88294952935
6.3544021565
7.98485552409
10.4129016186
11.8039154739
12.4279708265
12.4284511163
11.9948015047
11.2000703491
11.774607044
11.473692686
10.8655992784
11.5501138385
10.8501817299
11.0472805121
10.3829728039
10.3910765246
11.4553599105
11.5555661212
10.9547689748
11.8977813851
12.6670106447
9.96932239923
11.1353620534
11.2221844344
10.5508816836
9.57846487802
8.68736468281
7.2884173224
7.56776305327
6.69396216002
7.56959118037
8.02921245441
8.95913443742
9.13542622098
8.79025980405
9.95939196419
10.3208410816
9.34120704101
10.194422762
11.5936705485
12.1451396133
12.3815994017
11.8680558143
12.1338820279
10.5182187761
9.31584967305
7.74604163866
7.78398841887
7.93206869925
7.72100557561
9.02733337815
7.78351591567
8.64925144934
7.4803468167
8.39896352053
9.08113933279
10.3481644027
9.33596305926
8.19503448629
8.38037446657
8.97078308206
8.78116116883
9.21052442113
9.01252284845
9.05050875164
9.14375099778
9.92700293988
9.44619637395
10.0485242473
9.60367606782
10.1438991854
10.863656383
11.4289762695
12.7541678968
13.5475847842
12.7830707279
12.7179131948
12.5259203458
12.4406926239
12.0855855297
13.4289442485
15.4366529939
16.4407132556
16.0223585396
14.7171813468
15.1089991918
13.7897697517
12.7340926496
14.272128741
13.734139936
15.2048834283
13.8456544264
13.1937784846
12.6471419234
12.2116347069
11.0145818339
11.7990921702
11.7930360965
11.0216643434
12.1313688902
11.7688660317
10.2903665833
11.8472483321
10.7586626704
12.6642471279
12.9918624856
12.1893583249
11.2451853516
10.5362935451
12.693607407
10.9701219706
10.3522284285
10.4328067268
9.69988485159
9.52812307653
11.9737449223
11.6347631526
11.4048518715
11.2810478631
9.711933174
10.3853736524
8.43585844315
8.31608815676
9.36643663923
10.2070203846
9.65975137784
8.93631648365
10.6843803783
9.95377112265
11.1329386635
10.7007618391
10.751729957
11.6695500588
10.9273165701
10.0014321644
9.21292562049
10.3155653579
10.2583012425
9.21979659282
8.40395499301
6.41827338003
6.42846465825
7.10223515815
5.02297960468
4.56132844226
3.70644011938
3.50728297099
3.94636708898
3.19271049676
2.6519194907
2.3343570756
3.56488092598
5.544440744
8.94415866375
8.90527794977
8.99323428184
9.23335233022
9.66248670773
10.5709403293
10.0910016836
8.57187174193
9.4862002578
10.4482695824
10.5818970569
10.278879572
10.7804788975
11.4384854718
10.738907876
10.880077072
11.7396201546
12.2550134858
15.0063494695
15.3128865338
15.6472175728
15.5409283493
15.709959748
15.6998357012
17.9459027271
16.7704414825
17.3002113089
16.9305040074
16.5256176082
17.0916164278
18.7188654153
19.2550894298
18.5646156129
18.8411685714
17.5849502427
18.1143224072
17.2022634204
17.098752255
17.1917539833
16.9835144987
17.2065907805
16.3085515505
15.3035593687
14.9895002668
14.4724145434
13.5554711998
12.2474590809
12.479875423
11.3195706007
11.7014504145
10.8189421969
10.2139084963
12.0771631505
13.7345691491
14.8720231166
16.9348509377
16.1051406814
15.1317425588
16.3582981849
14.7294870857
14.9085615765
16.2355275022
15.281043729
14.5223275533
15.1930671571
15.608696312
15.3575876763
14.0143369343
14.797503638
14.0156088687
14.3099753998
15.5857234353
15.8530844178
16.2978213154
16.3692801464
16.3670154724
17.8587787297
18.4788269434
18.4790645916
19.033064757
0.804138815763
-1.57630898626
-0.132432617069
-1.24830515834
-1.5898662197
-0.664542669117
0.724057915464
3.51437005052
4.0116219061
4.94962348114
6.50363317173
5.91591763881
5.10597700814
5.50915979611
7.16625850329
7.47613850931
7.38443554161
6.7136112508
5.13618229786
3.88838318752
5.87141342958
4.89663588118
4.20425921676
6.88775394932
6.45377963138
5.3345422332
3.73583657067
2.08912927927
1.49132289307
0.290805107822
1.7026856968
1.14114751284
1.22058931817
0.362281456134
2.17170236391
2.69556693909
2.80146849727
1.54184798096
1.02168894029
-0.0461522128499
1.23596460194
1.51129091247
3.01390420796
3.57354443786
3.03418078717
2.97350239146
2.52307735536
2.56019551282
2.11454256308
2.13476310968
2.2448349784
0.996301255743
0.774061184937
2.66823853791
2.33929773311
1.62649177184
1.91292421797
1.47664733316
-0.737197563466
-0.940354041801
-0.573131304203
0.0685254324685
0.449442522253
2.86444489573
4.7170276082
5.77513911254
5.78048815987
6.47501801282
6.40175592225
6.47010945172
6.22614603773
6.16876563832
7.30864862568
7.54892630361
7.9072764374
7.1556131186
8.02234053147
8.88261060603
9.95621579426
9.72558385016
10.3493266638
12.3107886463
13.3760693281
12.4732599607
12.4654538385
13.2531562385
15.744221479
14.8617732223
14.1425748008
14.5618083436
13.8011740529
13.5944730349
14.5336055328
14.9161681451
14.4098716661
13.8845604307
15.2060404928
15.6406243112
14.6033132218
15.5550840592
16.718496179
18.594722872
19.7222017331
18.8411676316
17.1533077424
17.0123545327
15.8041307084
16.7364696708
17.0167319599
15.9616062955
16.6803392246
17.298478026
17.663306417
19.4193195109
20.2658862429
19.6881470796
18.9977217573
18.0788084008
18.0008735718
17.884234025
18.6091958693
18.6475652632
18.0133640069
16.5708456516
17.6532994824
18.9878520019
18.8823069425
17.6947605058
17.6703418685
16.7333578264
16.7820767106
17.3162544147
16.0497775207
16.3208111098
15.7991801611
16.085366727
17.2026921935
17.5606431239
16.9922291828
16.3350983097
15.8043094602
16.1754019383
15.905014871
12.885904091
13.9176946931
15.025611684
15.7082651566
15.6379465423
14.917989002
13.8464004404
14.8081219782
13.3475761154
12.2442248389
11.9186021201
10.2528943498
9.14579957087
9.63461767656
9.87241203785
10.820558805
11.7919809918
12.9058004479
12.3913897697
12.6990657508
13.2295858121
11.2833248146
10.9667954407
10.6190933242
11.629637443
12.3507985818
11.9892204597
10.972089626
11.8889322177
10.8939146773
12.0398131768
11.4158640262
11.9228479446
11.4148394649
12.509500421
12.7053533137
12.0720957476
12.8716888975
13.6391052964
14.1423137703
15.5931488663
17.0903924911
18.3906929859
18.9748725371
21.0314460132
19.5222209606
19.3633892227
19.9953956772
19.8604587778
21.1331783634
21.8900277139
21.8079355346
23.1481953766
21.7799091757
22.0589256611
23.1169416428
22.7033043018
22.0187408828
21.7051654281
22.0840163038
22.2668208644
23.9636992334
22.7876620311
24.1118458381
24.650838344
24.0796668236
25.3770512774
25.8898833736
24.3829137811
26.6092745897
26.7384114037
26.9795899331
26.5175637888
26.5259196238
26.5176120741
28.0955227866
29.7687569263
27.4751215612
26.521492545
29.0724986482
31.1472697453
31.5293430321
31.4597631907
31.8178730839
30.6978227093
31.1713349217
31.489096107
32.4680887498
31.1083994732
30.45537689
28.8343441026
29.2606076654
29.5568863031
28.4492053158
29.6371777501
31.0528765635
30.9989004484
32.7826692932
32.9146247234
31.5586334881
32.4475473586
31.7913145799
31.0895383481
31.8519353337
32.4612342436
31.1455025242
30.8821138577
31.3881738213
30.8851052295
30.8308510896
31.5958021857
30.0808534001
31.6092528232
31.8915486415
32.5888116418
31.9903278031
32.1325624126
32.8406245076
32.6116963517
34.4107585201
32.6470209127
32.7894392366
33.8170130002
34.1830356476
34.0520154146
33.7669685172
34.2703691076
33.4230743045
33.1321220408
33.4410793323
32.8262495178
32.0310788843
31.3747176138
30.6404950335
29.778830776
30.4489838322
31.8686426215
33.2435249397
30.8691618968
31.9958310007
32.7758421191
33.0125387665
31.8319161201
32.3778433431
30.6503746457
30.0243828791
29.3156876238
30.2488937817
30.7798138355
31.7600212169
30.8677998788
31.3416188131
32.0474272895
33.4677883483
34.8654223186
34.9606737734
34.8949924738
36.3739182918
34.3409945802
34.3751675734
35.4349600325
37.3344758293
38.0408250268
38.2261859585
38.113112166
39.1073510112
38.7477991473
38.4943027452
39.7970418742
38.7987519762
38.5900063246
38.1821289544
39.9431792811
40.3933545333
41.280592821
41.2911008237
41.0278977878
41.8095984725
42.5815439398
43.3096265419
40.8589415641
40.5189893458
39.6191394297
42.7243642734
43.9366835978
44.8030746998
45.5227232876
44.5231296645
43.8156205486
42.9686363551
43.1804440884
44.2151625859
44.408569985
46.3162298074
47.2709251208
48.0758639327
48.1630697419
48.0501355171
47.6762613566
48.7570060811
50.3203925099
50.645503142
51.0665923396
50.8894172792
52.4245604716
53.0263678899
53.1856722694
53.1658592888
52.6304537052
54.0511459107
54.7092628546
55.631983323
56.2163642449
57.1986220333
56.5147693369
55.7507844823
55.6059508899
54.8539804284
54.4009707164
54.1406143808
54.1083012076
54.909147851
57.2648774182
58.3955816158
57.4590751246
57.5439499115
56.9622421824
57.1768258044
58.5179195662
59.0178392075
60.2072232148
58.6399078259
58.3872201732
59.2235249094
60.9155612621
60.2484797426
59.0415040131
59.5967515821
59.2327314813
57.9093217738
57.699886986
58.3853544313
59.6659872581
58.7214190045
59.1032355665
59.7799497432
59.7405058682
60.2020680083
60.5062823383
58.8269598176
58.2231599435
60.9356022048
60.1523819674
60.0958180297
61.3976817923
59.1386129524
57.4127241868
57.2537372219
57.4683251495
57.4505710672
58.647363013
58.6459206766
59.9247154637
59.6254656574
59.6275915144
59.9663408143
58.4830269473
58.4630058187
57.8706709214
60.5983822113
60.5492630536
61.1836981624
60.7718207255
61.2974461414
61.8203027753
62.5420097999
63.9563130275
64.6425810279
65.1006318602
66.066975847
67.5092248656
68.7394242243
70.7129969186
71.4026145286
71.4754725723
71.8044285689
71.2832969322
71.9942591795
71.4081654831
70.8563864894
72.5354448473
70.7176710079
70.7009015824
72.2678110542
74.5151768112
72.7166234591
73.1348354097
73.9358776606
73.1261674257
72.9281150262
72.8189260216
73.3803880903
72.3091387927
72.9429324618
72.8046139176
72.4967417544
72.780154883
73.3436681882
71.9838986302
71.1357053806
70.473254667
71.4250496262
72.1531556855
73.0739260814
74.3243312924
74.4089665911
74.9066333748
74.9245228651
74.162039286
74.5295657719
74.8055795605
74.6491837325
74.590905719
75.2212563527
76.1376764895
77.7084372975
77.2098421891
78.0328670104
78.4885534658
77.1344624482
76.7208787097
75.7824221959
75.9880512877
73.935152294
73.9894467339
75.7347767046
76.5573996537
75.8873724248
74.1545631111
73.9979145771
74.1117831062
74.1616852731
74.2434325661
75.869580432
75.101370728
74.778290043
74.4288068972
75.8734305987
77.1530969653
77.0632011695
77.3898184117
78.5759753669
78.8733008213
78.594752996
79.055911125
79.2126673302
79.3626621586
-0.413360738723
0.824599401013
-0.021077033262
0.728551808994
1.06396552881
1.09090971123
2.26170505207
2.43815826307
2.73018997079
3.71640498942
5.21777664589
4.46236222134
3.72548655104
5.22711769338
3.8063539658
5.06957336312
5.57230793613
6.25649392204
6.43161432848
8.3337384558
8.05583063145
8.56844159887
8.07379837713
9.67195041456
8.46647215144
6.94616255431
8.46421332613
7.9453715529
9.29209808066
9.67999291255
9.78990387178
8.66873444838
9.27505914638
9.59953124499
9.40527311826
8.79259415128
8.19226413281
6.03410741256
5.95611990358
5.14472485725
5.23002047632
5.70275265964
6.49059602504
7.42994343722
8.42573404906
7.68203877676
9.45637376217
9.73562777256
8.8444547208
9.90852418711
10.1090472121
9.77314447178
11.3375735839
10.3851829746
13.0638601877
14.0506834438
13.4590808728
13.424622971
13.7664127633
13.4872531778
13.5479114895
13.5359230532
14.1394536699
13.1389612247
14.2322594606
15.0970673031
15.2673206134
16.0154541432
15.7985491433
16.6437840961
16.1574256413
15.5491501651
14.4774484007
14.9734849864
13.5633390636
13.1817305626
13.343705413
14.9781034877
13.4051404742
11.9377924135
10.6699287494
10.9639650278
10.9332641609
11.6416560038
10.6205775366
10.4489579719
10.6926717634
12.8500419846
12.8694237889
14.0714069603
14.6728192257
15.2023318964
16.4723349789
14.4577814203
12.5484499099
14.4225743174
13.6128351925
13.9164428127
12.8403521961
12.5086591811
12.4672320432
11.9723576743
13.5298486135
13.8888239865
13.1698858732
12.9749101272
11.9905365772
12.0203123896
12.5767185719
11.7855172604
11.8191711329
13.1465020873
12.3535042104
11.38988445
10.9492262299
11.1197054807
10.8186946086
12.552490552
13.9246695555
13.0293488947
14.9491983931
14.6463590893
12.9844402334
12.5179588329
13.3819370326
13.4933608526
13.8367129028
15.6605525478
16.7001531469
16.2874269559
16.0408390881
15.5494935877
16.0199990172
16.3336074186
16.977191066
19.6520061649
19.5392127878
19.6863418095
21.7686568827
22.0693549629
24.8265153248
25.0653931776
25.138671347
25.0808774531
26.8077635303
25.3509525321
24.8333352516
23.3565195908
23.4354607165
21.5729887531
21.0052544005
23.1053766979
22.4378441659
21.9335269119
20.7859338706
21.0225943924
20.5875567664
20.3244870257
22.1428106282
19.2694409924
18.8388197419
18.4017729878
17.1603755639
17.9759385031
18.1278433514
18.6604175522
18.1283750029
18.729129046
15.8738034099
14.8676593686
14.5005948817
13.1094550781
14.2514955069
14.9335046776
15.07352126
14.5241327051
13.5849209369
12.1513183769
12.1709141215
12.1444298207
12.6400217019
14.6132113701
16.7441764513
17.3124184239
16.0940715002
15.7553128295
16.1194319777
14.9009612659
12.7615774171
11.6917486389
11.5464622568
12.9828832119
13.5426655606
12.1469929202
12.358934354
12.8555921643
11.488857738
12.3401766667
12.9970739719
14.3718325005
14.716832026
15.3115991601
14.7782214971
14.7860603661
14.5224875322
13.397486875
12.9606077856
11.2220684688
9.77465701703
9.54343564313
9.28678766395
9.24701898987
9.62749949287
10.9087190664
10.3505735739
9.83929813256
7.75276841292
8.31380459461
6.02549852708
7.44046399355
7.06830921502
4.61992768789
4.7823985376
5.44078510002
6.0759310865
6.64998980264
5.68005469119
5.54179542443
5.69979777333
6.08768429
6.51852476658
7.17202195785
8.20350612821
7.48897431689
6.96847284048
8.52178039002
10.3418427598
11.3723213332
9.96342260413
9.61038650266
9.90885405208
12.3811005149
12.9377344342
12.8027364393
13.4489701912
13.0768246975
14.3569645601
14.529108688
15.2034104695
16.2093479615
15.9432028185
15.8451560852
16.2175618351
13.4477731744
14.1930155921
12.0406385208
12.1617203414
11.2953548194
11.1361947921
9.94684759606
9.53344059651
9.86395537576
9.6149460025
9.21135573767
9.31220898345
9.66596879742
9.8959622778
11.2646811188
13.2506540588
11.8584521914
11.0646909247
10.4015667048
12.9836429643
12.5531538728
12.7546472013
13.6451202307
11.4355283221
12.3726924352
11.6434739412
10.505717176
11.3697947094
10.9284130047
10.8354029682
11.6042844027
12.4542313138
12.7849889969
13.7590576859
13.3869444437
12.8508859502
13.5254584515
13.446836622
12.2493669323
11.5491547953
11.7640002189
14.2322745292
13.67474591
12.6437372566
11.6114263307
11.6628597421
10.691112099
8.65268008871
8.01439565538
8.37217287999
8.74696867244
8.87229704057
10.9679132634
9.80209907712
10.7433002949
12.3352355368
11.059737674
10.7365444101
10.1146899989
9.96997162602
9.27426117414
11.986354255
11.906726135
12.6286421758
13.8459447895
13.559719725
14.5487026884
14.5065982705
14.7280079325
15.0746581948
17.2478063599
17.1085536771
17.320398463
16.9508599805
15.5515936534
14.5860537478
14.6172771961
16.3704129127
16.7863139907
18.0530640305
19.1124687313
18.3800226002
18.6843448498
16.731693314
15.4569946746
14.4484393444
13.84287651
13.1809957562
14.160283656
12.4735135503
14.0341774827
14.6328098492
16.5284384509
16.4529187845
13.8120294248
13.4553639839
13.8223932038
13.2669034898
12.8527223105
13.2417797803
12.2983311647
12.2600549296
12.0308742088
11.0066055188
11.7212554767
12.213999359
12.6917075952
12.4161137133
13.6565009217
14.1780380893
15.0980469738
14.3039534487
15.3747268813
14.0973115687
15.4763242418
15.8533928171
16.2587041958
15.4652890657
14.5734929919
15.714972833
16.307332452
15.3283388344
13.9782153334
15.7049826421
15.1580041737
15.705929053
15.8349563142
15.8323438665
16.3805803412
16.0785166134
15.6203993112
14.164348683
13.123883652
12.8984444894
13.4431350353
12.0984234814
12.3097536394
13.0258620676
13.3379852842
12.678651758
15.0624704758
15.3260642335
14.3349733969
14.6307223805
13.7204376733
14.1986143155
15.2106392518
15.57223317
14.9825595267
14.5056703536
13.4788991458
13.7025664281
13.8892330273
14.4076309514
14.3021910126
15.5142430282
15.6625316095
15.1348369613
14.0027341087
12.5491270924
12.0085697436
11.951228804
11.9879004294
10.9040150089
9.80616056146
9.01922695739
8.97497626903
9.27162663267
10.4586370822
12.5680326194
13.8503899599
14.1493671034
13.0192620436
12.6752894259
14.0227693206
14.3452866561
12.7366274532
13.8302519449
15.0447482449
16.6362855277
14.3553843364
14.0963113366
13.1785831744
13.3887404079
13.1630667563
12.8238576051
11.4750095411
11.225964699
11.1161387815
10.9276614407
11.6185536674
12.576333269
12.7450879304
14.6446201401
14.6470518354
14.8300277886
15.2899867401
15.0898268861
15.7877087261
16.0738442257
17.8994911364
18.0385518569
20.0365287774
19.1697021487
18.7912797812
17.6557175462
17.2302157635
16.4813603034
16.6939746581
18.4177227237
16.8860664698
18.996485916
17.2273827784
17.0038481617
16.7261538236
18.1366841292
17.7053329655
17.1141483585
16.6895568143
17.1935832525
16.3102616773
15.5313132844
14.4363100434
15.0036139772
15.064272837
16.0036920307
16.6415835806
17.8853727554
18.6583736166
18.0517131708
17.7826343605
17.3891363234
18.0376459627
17.9322269861
18.1294992261
18.321857137
17.0924595061
17.0457531515
15.3309687729
15.6452838487
15.276682477
14.40655135
14.9669285407
15.8255583507
15.8756691977
15.0177899247
14.9154081936
-0.468590644055
1.66099039248
0.868632205142
0.890518013619
1.04966129877
-0.573377336184
-1.43642193885
-0.976751533439
-1.25882600709
-0.476793162432
-0.148038988022
0.585355721801
2.0983106253
1.61470044337
1.50490257906
2.33622591978
2.57985782226
1.69549674791
1.66248716175
1.8281933573
1.36991548992
2.35623271333
2.83881406703
3.57996964291
3.6533753887
3.38530874668
2.94564398523
3.99423272839
3.5596941601
3.8120927739
3.31175742568
1.83922954543
2.30162958464
1.53501519638
3.26188712706
4.20542717636
4.18729052515
2.65657096159
2.4485744185
1.13724965082
2.33779286882
3.67478612044
2.24590958563
0.831704334478
-0.369266448945
-0.00556150788633
-0.824889030965
0.469840019941
-1.01682689995
0.959006728699
1.1103906283
1.31621322359
2.40155585601
2.06395310944
2.79576146355
2.50552761127
3.38614883712
2.30217125715
3.21530160076
3.79017454773
3.22524929754
3.16140777781
1.63967064558
2.05793645307
3.0222222188
3.42873690107
3.53779377715
2.34291044371
2.45871658224
3.78879929334
4.22919785196
3.37082520325
2.46703567312
2.75696221861
3.83563264385
5.28971724437
5.94769443842
7.2700642723
6.93827013364
10.505730603
10.0034504321
12.0379971765
12.6897396829
14.5677837162
15.3862675707
13.8511700863
14.7463874476
15.5041622674
15.3460726842
15.655939748
15.6283985004
15.553231497
14.9620969578
15.9674475088
15.7538248275
14.6356389142
14.7735379945
15.1817382861
15.8201802787
14.9952097416
14.5665794223
12.0479093903
12.835113192
13.5982525922
14.4510178891
14.8312341406
15.0238586826
15.3663873521
15.6056650057
16.1692325469
15.4011109333
16.9116004983
18.3015704136
16.9733067368
17.437314284
19.5749285652
20.1833675965
20.6672365032
19.8843980161
20.5586313466
21.249540576
20.1245885347
18.138220499
19.6737407657
19.3850178775
20.5829466557
22.6011225109
22.6649673366
20.194158976
20.4321871479
20.633557252
20.3212950618
19.2648361831
20.5365925798
20.5595800328
20.4524649156
20.3885091046
17.7849917579
18.8747114684
19.046761218
18.7810200996
19.7113667673
20.3120822775
18.4119633177
17.273596772
18.0535313145
19.3073282832
17.508088172
19.2121101553
19.8758286972
19.3947981027
18.4635040352
17.482921986
16.9566122811
18.4793780599
19.5383860676
20.0872727157
19.5834219645
19.1319897428
20.7985829082
20.9390144931
19.8722049237
19.2666681869
20.7741202206
19.5384076889
20.3467713859
20.4942455135
20.7582429229
20.4480377728
20.9654696609
19.9657338716
19.274027201
20.4349263874
21.8292160771
22.6563344298
22.2449076892
22.4147118011
21.6892382179
21.1590332621
20.068604132
20.6425183764
20.7267654704
21.8172248296
23.1958087524
23.0412415445
23.4568090977
23.6693219878
23.3432399049
23.6873629464
23.2954210608
23.7353231716
22.9716505827
22.2132845116
22.3929774944
24.387270128
24.6746727959
23.9219692265
25.0683315762
23.473467519
24.3055171195
24.3668652708
25.2699012676
24.8018666932
24.302790887
24.6471145967
24.4272237188
24.9120588332
24.5421735756
25.4130313769
25.6767770107
26.5486541521
24.2006915078
24.6748088838
23.4159450257
23.9046304801
23.7324952294
24.4749644312
24.0483339633
24.9662696594
23.7840642068
26.5971592515
25.8217743104
25.4994333929
26.8166424311
27.9936989842
29.4235268892
31.1339293301
32.1951789548
33.3069746756
33.6409095674
33.6042845567
34.3262255968
33.3716798983
32.9737466463
33.509107522
34.3099176006
35.5813862755
34.5453399906
34.2218241142
35.5500956125
36.2894748354
34.3873932363
34.9900171567
35.1336899591
34.4124095809
33.9392035286
34.2603160812
36.0392631894
37.7311038871
39.2462015308
39.060905298
39.5167793829
39.1653663574
37.2705566699
37.387960566
36.9954549368
37.4657981831
38.7076191813
38.8390844976
38.619682138
37.8737712507
37.6305609031
39.6725398127
40.2641189062
40.5301951988
40.396200251
41.1565150993
41.3083168995
40.58305669
39.9247274179
40.4344407232
41.9353772276
41.0305935714
40.9388226174
40.4249603828
39.9966473278
42.1630172459
42.0872842048
41.1901608021
41.0900727997
41.4164932687
41.8658018637
40.6645017664
38.9605011737
37.6820523058
37.5411718003
37.772433828
36.097985649
37.7764001531
36.9143470418
37.1139821748
36.544888554
36.3457260174
37.5215449045
38.8403919069
38.633280393
39.404352212
38.4201399072
37.9477217415
37.5083385338
37.3988423391
38.8129392336
38.620903471
38.2647080332
38.0477016504
37.7312415691
37.2655251861
37.942352177
36.5987635996
38.0509772755
38.5365861663
39.3725928517
38.3948246703
37.6483689185
38.6278113649
38.5908543464
39.2488291929
41.5668356291
41.1933911549
41.0479130256
41.6532347938
42.006444662
41.356896653
39.5236996023
39.8874524286
40.3511064784
42.8199243393
41.8093977038
40.7811156027
43.7234198642
44.2235558363
44.1839791423
45.0051669185
45.3590612726
46.7562968477
46.6644903843
48.1919589908
46.9433384301
46.4740037396
45.3602148405
45.6441659795
46.8150499777
48.1627810961
47.7192498977
48.4026692742
49.064174883
48.780738816
47.996029284
48.8869294824
49.6931672472
48.8519382718
48.5221335999
46.8413588003
48.7489325172
47.377557019
48.1653649331
49.4648529878
48.8064062674
46.3181260484
48.4799403453
47.805383057
47.5996303142
45.9871393753
46.1913503713
45.6972866488
44.8283884162
43.897643481
44.4839661208
43.4659772668
44.145303243
44.6730959962
43.427836354
44.6104319451
44.5182136437
42.868726842
43.4662448428
43.0022977526
44.0871049653
43.4611161423
44.0687275432
45.1657007339
44.8356204206
45.6093006228
47.2493571855
46.9802643576
49.1144237404
47.8254829237
49.1060845646
49.096137235
49.1090683691
47.6833335096
49.2170151561
50.9174987086
53.1853350464
52.6514327223
50.8347080168
50.5851846835
49.9092305493
49.2973761124
48.6656882963
48.9017849782
49.3089787742
47.7951491109
48.111467928
48.1031587701
49.0942982338
49.5386024258
50.6826155921
50.099224524
51.1340856744
49.8352356961
49.6811060018
49.1674825879
48.950625375
49.6975135932
49.6548738176
49.9158750726
50.1724298695
50.6870620517
50.2392671106
50.3087470055
50.1299148187
49.6485128261
50.9783113865
51.4211903243
51.4394425969
52.5989915502
52.6611431107
52.9303902087
53.3083953683
53.7705576198
54.1031600875
54.5599370588
55.4274894226
55.5316632706
56.3129835464
56.9203039392
56.1852202448
55.0385744719
54.7911776706
55.2835591195
54.1870037523
53.195167575
53.7525980465
51.7461285417
52.1517097251
52.9753768344
52.4025547701
51.9984748533
52.064261148
51.3324148193
50.9109091978
50.8917398684
51.9972154662
51.1788215078
51.8446591858
51.4541164602
51.0568321099
51.7359128652
53.5477320096
52.7452729153
52.2574941099
51.1913423597
51.2790045168
52.6828789642
52.9951663667
52.9793972543
52.0060398541
53.0642355041
53.1174154811
54.3310538088
53.6232803392
54.7431586268
55.681849774
55.3816046933
55.1767040158
55.4853923453
54.8557202452
56.2449460067
55.8407718287
56.3006156373
55.688014231
56.781982957
56.0799993493
55.1457297999
55.3378288188
56.0187793379
58.4701833385
57.8759616385
58.8631374021
58.1021158635
58.6164020167
58.1273237306
58.1918016734
57.7883663741
58.1793374282
55.6553872478
55.5994561377
54.7721406757
53.8767389925
0.316083935017
0.779748809334
1.08502717243
0.0545508488328
-0.621526161873
0.579970719683
2.14815766244
1.48533547459
0.286143871821
0.384605812054
-1.2535610283
-1.41713973607
-2.02486288245
-2.33655503211
-3.43279727553
-0.891163085933
0.974913778851
1.33505663039
0.748480676343
1.32454861087
2.46985143282
1.61401999279
1.20104022877
0.704455661503
1.78423634358
3.03201836243
3.68004491785
3.60205590663
3.25725095299
2.68526227799
2.53481365696
1.28035630185
0.334938795072
0.801545222198
0.635818946354
1.13615654509
-1.08006695698
-1.21532280692
-0.34274405475
-2.26852348653
-1.2564238159
-2.99709367623
-1.98925670188
-1.24115160935
-0.816063252411
0.75197948976
1.14503865364
1.0348232875
-0.022977400908
-2.54742013702
0.0471552710266
0.279066510421
0.760049519642
1.81606895317
2.84667360319
4.29035956653
4.8295236437
3.80903790651
4.60882874702
3.62815592714
3.39164864452
2.27590441191
3.07980485556
4.18471685232
2.41371523045
3.61046861667
4.71765542211
5.52228642334
4.16754740689
4.95617977025
4.24018731931
5.32494622879
3.32910948353
2.37338597524
2.27059479429
3.36903381229
4.82439510808
2.36383513314
2.81451601399
0.0766294793204
-0.49548338126
-0.422460773566
0.104974677458
0.144403706026
0.825473195404
0.192924161149
-0.049137342968
0.258968843459
-0.497736238529
-1.32456624562
-0.899801918208
-0.849724910597
-3.22541969456
-2.75282651551
-1.98836374877
-3.38907205447
-4.44217185063
-4.85448127535
-5.72905530255
-5.6099594858
-3.70565848625
-2.93381526487
-1.32936979981
-1.47244803658
-1.87432362863
-1.16502162572
-1.32303841426
-1.31091697483
-1.16028013823
0.607595850027
-1.13551363942
-1.70672883186
-4.28875518867
-4.29221364786
-5.72882489823
-6.26977771596
-4.19476192739
-3.66778019709
-1.87181735103
0.0891558273645
-1.17067209408
-1.53741551114
-2.34939232353
-3.37299934347
-3.29885567279
-3.10734565095
-1.35792068077
-1.62410927798
0.454254807438
-0.741064019241
-0.131304857668
-0.754811169031
-1.37519812096
-1.42135092083
-1.24766023106
-1.66439121418
-1.48057011675
-0.748630077781
-0.45714569219
0.344794097847
1.80192840612
2.09238366365
1.54532031379
1.83103309944
1.22331315057
1.66031507342
2.05013897841
1.15216820885
1.13465815341
2.36526192392
3.21253239898
3.14187929485
3.34495839422
3.76434500305
3.71715761619
2.40521523763
2.71530178201
2.93713912447
3.9400107803
2.54092376066
3.72560326011
4.3858616296
4.1260248046
2.60011802351
1.20141556909
0.751023674464
1.38697477356
2.86290935119
1.35469013433
0.690139373208
0.531264044231
1.60417731086
1.8266418942
1.94802346829
1.09489249859
-0.120450787882
-0.120644976371
-1.72295241427
-0.660783846354
-0.983801302137
-0.577060675546
-0.875609088542
-0.710174748673
-1.11488095963
-0.515609613015
0.911536112358
-1.24328633458
-1.03200086981
-1.52423983701
-0.577925208312
-1.45668653314
-1.33642653981
0.132654507452
-0.00236010089723
-0.829283224634
-1.44614479698
-2.28331194646
-2.04209536611
-1.69287152977
-1.74654192422
-1.96137390479
-0.912456945482
-0.112052371712
-0.990481589911
-0.230633215444
-0.201601553521
-0.00265810377166
2.54361716883
3.60306389785
4.35413192612
4.2404331725
5.16439523285
4.75899247127
5.25334224491
3.85998875206
2.65677635393
2.08269803485
5.11421064263
6.03478592035
5.80029191443
4.53652605515
5.93725161651
6.60081891561
5.58172369149
5.21499080064
5.59200962234
4.47101655755
3.03295098446
1.7204356948
-0.870404166587
-0.183242819153
0.692098976862
-0.279129444408
-0.906799702852
1.18313626918
1.26762832072
1.37256480174
3.02381026651
3.19522164235
3.75374760776
2.76215978846
1.58411698409
-0.637554237253
0.00281115440942
0.219123469681
0.877510312959
2.5913998117
4.87514809114
6.43417477
7.04475877454
7.15205260591
6.50840087101
6.51314193154
6.61218481047
5.09205184274
4.66854798132
3.68745012399
3.73413880494
4.58186047887
6.84378588529
8.16690594948
7.7799623762
6.8758987469
6.36467111038
5.7824701211
5.78722390628
4.51673711602
4.16547606689
4.33237348027
3.82503438035
3.3815261447
2.24895985238
1.79234566919
1.58625538071
0.970774836967
0.629831948621
0.579434270857
1.39282612419
0.796815233148
0.194006409416
-0.575464356304
-1.30708419782
-1.35152797871
-0.49327424439
-1.00060776401
0.758766545386
0.107718101645
-2.12864315513
-1.69628418021
-1.22852772319
-2.2283701733
-2.43999478227
-3.63966119606
-5.1711678836
-6.02122461642
-4.49503208634
-5.36746655727
-4.69153293021
-5.2003957691
-4.79406741412
-3.61924397819
-3.43513737877
-4.5140773454
-3.59725421905
-3.17368625447
-4.02816155557
-5.04258552025
-5.11223224304
-7.50280110546
-7.29483794469
-5.51986389044
-4.5889151227
-4.9013235691
-3.56780926354
-3.56275979421
-4.63655072744
-5.18222001605
-6.10411530744
-6.02860623663
-5.07507352502
-6.30045257842
-5.31926902205
-5.87288967403
-5.67702218333
-5.69284990266
-4.20698356945
-3.87730260015
-4.49261885715
-2.60149713979
-3.0872138422
-4.03987950051
-4.80389015326
-4.09509692505
-4.17358883383
-4.49619659666
-4.54140590873
-6.49104539478
-7.00938716068
-6.99585733554
-6.7470267187
-5.64700782155
-5.2508910966
-4.53232017464
-5.35985979162
-5.70350657166
-3.7696698039
-4.78779690354
-4.10916530716
-3.73894073544
-4.07794693493
-3.01860490579
-3.42573546672
-3.15995639003
-4.88091154735
-4.52633850392
-5.05194418773
-3.9123140865
-4.8103547273
-5.21790435205
-5.14903380223
-5.59795274351
-7.03587795322
-7.11818011593
-6.31194114717
-7.56290339526
-7.01358912784
-6.53953796253
-7.40154184617
-7.27486663571
-7.49493325248
-7.16648624646
-6.31301744938
-6.95920755932
-6.61708742231
-7.00913278011
-6.72896020876
-6.96193474267
-6.1646663201
-5.72976471052
-5.45121010391
-7.30155488597
-7.58559395509
-7.44766277014
-8.12880145953
-7.23887671322
-6.5378886355
-6.87011126696
-5.05693291906
-2.68462036376
-2.673615384
-2.49647098246
-2.35190819803
-1.68625151251
-2.03814175182
-1.13540233788
-2.89247113023
-4.57450599602
-3.05261218537
-3.24956906599
-3.71111794226
-5.92937323515
-8.50043628221
-9.52687857534
-9.64845128799
-10.7396727221
-11.1435085393
-10.7238815857
-10.8390284797
-10.4097680924
-9.76693940449
-9.52937659317
-10.8908332216
-8.87677288473
-8.21810155499
-9.32876611483
-9.07863371806
-8.86255853921
-9.67225008968
-9.88803700099
-8.95914810785
-9.26210021348
-8.38299855215
-8.25715225162
-9.00548758901
-10.110781688
-8.12780800432
-7.00554066261
-7.24809968756
-5.50413509255
-6.35866002304
-7.67819157615
-7.35219213937
-6.59149652729
-6.97588345718
-7.33639182256
-6.0935068764
-5.81988848617
-6.6121560833
-8.17426978643
-8.99554050031
-8.07846202004
-9.17906879624
-7.9924672037
-7.88280359266
-9.1284161366
-9.27934618228
-9.13848303421
-9.78158728159
-8.58954875441
-9.00897134886
-9.17408014969
-9.25893747667
-8.09942178175
-9.41517072747
-10.5787546671
-10.8845168121
-12.9472429109
-12.2002837671
-13.3351834564
-13.5757847001
-16.066548914
-18.1567275756
-19.2160687956
-18.5458661996
-18.7660941887
-18.2610770735
-18.8128764553
-18.4584981252
-18.798740076
-19.3783932901
-19.8999052889
-18.9787630424
-18.8970426944
-19.0190795905
-19.2727273827
-18.1128038785
-17.406907178
-17.2325210314
-18.6419133155
-19.9560598949
-22.2021022366
-21.8263046865
-20.8505428289
-22.7837121032
-22.4051654076
-22.0445892564
-22.9282402508
-22.8362545211
-25.3466032011
-24.5667756275
-25.4353869447
-25.6098465845
-26.1270752569
-24.418418107
-24.5578364704
-24.1002148623
-24.0892828612
-23.9536541164
-25.5321850376
-25.0930329104
-1.90875888883
-2.76096375123
-3.33078858982
-3.73140447514
-2.62884648032
-1.27495953528
-3.1972882182
-3.78726155347
-4.25278711754
-5.49698248553
-5.66513069049
-4.9168800593
-4.80883058143
-1.83236448103
-2.96843620829
-3.8721641825
-1.18163029594
-2.74901326982
-4.45532263772
-4.82604381291
-4.4886983414
-4.84724922099
-5.26529892629
-4.44839411185
-5.4927494863
-4.75171420448
-5.92403901415
-4.50575384582
-5.03466304874
-4.48299801736
-4.22768630736
-4.02971228554
-4.44269301296
-1.78587729698
-2.36975946393
-2.03712317462
-2.59201530214
-3.04408735312
-3.14240594169
-2.81140797124
-5.15381384547
-4.14349452637
-5.98960296387
-7.13883622206
-7.92458741803
-8.80656958071
-10.3070027793
-9.14049025573
-8.84060471079
-9.20549381106
-11.0023570986
-10.6040554769
-10.1561990698
-10.8965428573
-10.2070379721
-12.1470703844
-10.1081718326
-11.2810985849
-9.71115563217
-9.62270467298
-10.5310037923
-11.3896631277
-11.3808525595
-12.1859640093
-11.5973567315
-11.8796358208
-11.2099122665
-12.1535410566
-15.0749331171
-15.068137258
-15.6003291938
-15.5137301377
-16.7348142889
-16.4509400808
-16.6390919665
-16.3734618426
-16.3630001804
-17.3269267131
-16.8246080363
-16.8521494636
-16.1680044478
-16.324801844
-14.6774209666
-13.4477825591
-13.7843031075
-13.3718164422
-12.1725129892
-10.90867172
-12.7091358834
-13.5231323121
-13.6148919712
-13.1588303411
-12.8173216511
-12.991517181
-14.8715049055
-14.457646307
-15.2228095042
-14.4249078473
-14.2403284814
-14.5258327353
-14.432664589
-15.1446902856
-15.654756423
-16.3996856506
-16.0619004423
-16.8904842183
-16.0541675573
-17.8499268278
-18.0497791642
-17.1664876262
-17.4064174053
-18.2106756531
-16.5328903277
-17.7595497003
-17.9690056087
-19.262294932
-19.081060727
-20.8926180861
-21.3569668059
-20.6118198191
-23.0986456393
-22.6184261399
-22.8901999057
-23.9318467956
-23.7213964915
-23.4785817613
-23.6839908254
-23.1857821249
-21.8853677232
-21.9455296955
-22.9297444285
-22.6360866339
-21.9201207733
-22.0988870034
-20.6220583047
-20.4528496627
-20.7896129788
-20.0533952134
-20.3966107217
-20.3933439894
-21.6097997045
-23.3290019902
-22.1135843187
-20.8705091248
-20.257884714
-19.8078667446
-19.4040028993
-20.237785788
-20.68229793
-20.1243192886
-20.2880749078
-21.4233576599
-21.1043362826
-20.6437255282
-19.3867421557
-21.4722050011
-21.5705913624
-19.7131571789
-20.0983926065
-20.8377712913
-20.1456664831
-20.5275746053
-20.6513386225
-21.5264845887
-21.0391402747
-19.3389140314
-19.206864051
-19.7005914164
-19.5280390602
-18.6213149661
-20.1861522181
-19.7696192095
-19.1562987174
-19.5106303952
-19.4152944752
-18.3294535751
-18.1608285095
-16.9242551413
-16.8114038872
-16.7953434715
-18.3372237133
-18.3024031424
-17.5957379276
-17.1327327626
-15.8109766064
-14.4444975825
-17.3396313934
-15.8977855713
-16.0348456066
-15.3204721367
-15.8886586995
-15.6166740383
-17.7051128495
-17.8655445563
-17.9521731947
-18.6740033193
-17.139585342
-15.0291583799
-14.5280753499
-13.5407823422
-12.7213728853
-13.1028655895
-12.9151396332
-14.6499497171
-15.7857921648
-15.2142597688
-14.6717908524
-15.6247176106
-16.152537568
-14.1459112654
-14.1720563831
-14.4205152774
-13.6980854062
-13.8425419232
-14.0900495619
-12.4218463297
-10.3368546124
-9.9898918914
-9.11204768646
-9.79078231756
-8.61447861174
-8.42272619735
-8.01735437105
-7.94700933222
-6.98299141183
-8.22477741518
-7.66879515902
-5.98425044863
-5.8857066633
-5.75277635325
-5.62522558965
-5.79161507637
-4.9908738142
-4.31887453639
-3.2664564643
-3.27874807874
-4.50726939024
-7.79675256134
-10.0939045397
-9.2297442975
-9.28198983928
-8.41421983379
-7.73560090287
-8.74095120504
-7.88818047624
-8.33597419485
-7.93168711405
-7.59803582663
-8.66982598646
-8.52346318154
-8.44657427552
-8.4060225296
-8.55251503955
-7.16730572267
-7.77757529446
-7.59902488244
-7.49891375866
-7.97741064893
-7.85046649446
-7.35866365313
-5.84041835586
-5.63944473416
-5.50980664294
-4.8849918927
-5.2557568773
-5.66647333591
-5.58049139312
-7.45977040799
-7.05649664373
-6.3255787658
-6.8603075854
-4.84801081445
-6.74014317471
-6.66558417197
-7.02930749282
-7.35843823764
-6.82610990366
-7.53725349744
-7.66971787411
-7.70110248109
-7.48726427997
-9.66399527584
-9.62190799602
-8.27057373076
-8.77958491531
-9.64396028402
-12.0338896736
-10.4386449634
-11.4226232598
-11.6739298405
-13.7664882282
-14.6109635688
-14.48730824
-15.0431067159
-15.0239601103
-15.4830174314
-15.6492747545
-16.1052713626
-15.5864681214
-14.4717050393
-13.7292971944
-14.8885317472
-14.7356213123
-14.6068221929
-15.4531152376
-14.7958777659
-14.347746837
-12.7026589752
-11.1277443401
-10.5969109496
-9.99879707462
-9.96182188449
-9.55512908455
-8.65204038405
-5.93944376648
-5.94867816252
-7.70378466414
-8.44483862998
-9.40913366396
-10.0430123552
-9.92318521273
-9.47036790742
-9.0317537638
-9.65970836863
-10.4188022195
-10.5515158826
-9.88990507788
-8.9165448346
-9.70873114944
-10.4703187798
-9.84441641582
-8.9877265205
-8.35192307986
-8.45605052701
-6.98673484716
-8.13580674322
-8.61259731454
-11.2358045963
-12.3192306644
-12.4824189265
-14.8249940008
-13.7918808413
-13.9937131959
-13.2448137167
-12.3543698411
-12.5809726875
-12.591185387
-12.5938211744
-12.9900085767
-13.3303599654
-13.0578970876
-11.8147273006
-12.0621958049
-12.3521475759
-12.5029517893
-11.9441407221
-11.1582366597
-10.2609225736
-11.1462135926
-9.76494926153
-7.78115039962
-8.35139009718
-10.4617907384
-9.73030528415
-10.9557991847
-12.1869110486
-11.7347159021
-11.6386872524
-10.2320043161
-10.8541613873
-12.6602805638
-12.1404445636
-11.4494377901
-12.4904978918
-12.5178386428
-12.368369899
-13.8199996097
-13.123986204
-12.3184809364
-13.2630482915
-12.8786299666
-12.7886581793
-13.0609270263
-11.6737683646
-11.0700889081
-10.6020584188
-9.43558906898
-9.42402212911
-9.96417514897
-11.0705122273
-10.0882854768
-12.525085691
-12.4164557243
-13.2192359885
-12.6896628687
-11.7421209418
-10.4043008803
-10.0959895298
-9.23061021924
-8.99718440356
-8.29592483568
-7.81958495435
-7.73832920077
-8.29236950849
-9.15928481955
-9.40987914783
-8.34133369049
-8.76163971426
-7.97431290207
-8.7040731655
-8.54555758987
-8.22555700498
-8.30506711859
-9.11818957528
-9.23604557227
-10.0097392645
-9.42364877083
-9.00505430848
-8.89183160037
-8.68086147815
-8.64953829728
-7.96869037091
-7.23173009945
-7.66375601884
-8.40222042108
-8.91988335882
-8.760233911
-7.78662483512
-6.04962650089
-5.40043499357
-4.7665726313
-5.48439750023
-5.92440897499
-5.69384640273
-6.46122066776
-5.27664387004
-5.11816191864
-6.17604451446
-6.14107299949
-5.64058314953
-6.36778816814
-6.8340516736
-6.08093182796
-5.69515624185
-5.92240948917
-6.28250601983
-7.13909964193
-7.9290168951
-7.89242962858
-9.87424082844
-9.35914769451
-10.844468836
-10.855074573
-12.1910505919
-11.2088824223
-10.9892871531
-9.19814407745
-11.5717973984
-12.213654718
-13.3091100153
-13.201684264
-11.5519631895
-10.8648650087
-9.40570820555
-8.42845663926
-6.87184511279
-7.32741008991
-10.0165412431
-9.54160608697
-9.3791191237
-8.41595971135
-9.58578328783
-10.3731415166
-9.56014466007
-10.4117475687
-9.87049788462
-10.2876788973
-10.3734780659
-9.82267853318
-7.73460726832
-7.28833899633
-8.34898495748
-8.04598631021
-8.68168235566
-8.29812412546
-8.12701342207
-7.49565777837
-9.14899330243
-7.04900162433
-7.83547898703
-7.84298971945
-7.09252591285
-5.62847400829
-6.65468579516
-7.27781717633
-6.72658890569
-6.30947383447
-5.9496748154
-4.68979285001
-4.03781437413
