-0.3125
-0.3125
-0.3125
-0.625
-0.9375
-1.25
-1.25
-0.5625
-0.875
-0.875
-1.1875
-0.5
0.1875
0.1875
-0.125
0.5625
0.25
-0.0625
-0.0625
0.625
0.625
0.3125
0.0
0.6875
0.6875
0.375
0.375
0.375
0.375
0.0625
-0.25
-0.5625
0.125
0.8125
0.8125
1.5
2.1875
2.1875
2.875
2.875
2.875
2.875
2.875
2.5625
2.25
2.25
2.25
2.25
2.25
2.25
2.9375
3.625
4.3125
4.3125
4.3125
5.0
5.0
4.6875
4.375
4.375
4.375
4.375
4.0625
4.75
4.75
5.4375
5.4375
5.4375
6.125
6.125
5.8125
5.8125
5.5
5.1875
5.1875
4.875
4.875
4.5625
4.5625
4.25
4.25
3.9375
3.625
3.625
3.625
3.625
3.3125
3.3125
3.3125
3.3125
3.0
3.0
3.0
2.6875
2.6875
2.6875
2.6875
2.375
2.0625
2.75
2.4375
2.125
2.125
2.8125
2.8125
2.8125
2.8125
2.8125
2.8125
3.5
3.5
3.5
3.5
3.5
3.1875
3.1875
3.1875
2.875
3.5625
3.25
3.25
3.9375
3.9375
3.9375
3.9375
3.9375
3.9375
3.9375
3.9375
3.625
3.625
3.3125
3.3125
3.0
3.0
3.0
3.0
2.6875
3.375
4.0625
3.75
3.75
3.4375
3.125
2.8125
2.8125
3.5
3.5
3.1875
3.1875
2.875
2.875
2.5625
2.25
2.25
2.9375
2.625
2.3125
2.3125
2.3125
3.0
3.0
2.6875
2.6875
2.6875
2.6875
2.375
2.375
2.0625
2.0625
2.0625
2.75
2.75
2.4375
2.4375
2.125
2.125
2.125
2.125
2.125
1.8125
1.8125
1.5
1.5
1.5
2.1875
2.1875
1.875
1.875
1.875
1.875
1.875
1.875
1.5625
1.5625
1.25
1.25
1.25
1.25
1.25
1.25
0.9375
0.625
0.625
0.625
0.3125
0.3125
0.0
-0.3125
-0.3125
-0.625
-0.625
-0.9375
-1.25
-1.5625
-1.5625
-0.875
-0.875
-1.1875
-1.1875
-1.5
-1.5
-1.5
-0.8125
-0.125
-0.125
-0.4375
-0.4375
-0.75
-1.0625
-1.375
-1.6875
-1.6875
-1.6875
-1.0
-0.3125
0.375
0.0625
0.75
0.75
1.4375
1.4375
1.125
0.8125
0.5
0.5
1.1875
1.1875
1.1875
1.875
1.875
1.875
2.5625
2.25
2.25
1.9375
1.625
1.625
1.3125
2.0
2.0
2.6875
2.6875
2.6875
2.6875
2.6875
2.6875
2.6875
2.375
3.0625
3.0625
3.0625
2.75
3.4375
3.4375
3.125
3.125
3.125
3.125
2.8125
2.8125
2.8125
3.5
3.1875
3.1875
3.1875
3.875
4.5625
5.25
5.25
5.25
5.25
4.9375
4.9375
4.625
4.625
4.625
4.3125
4.3125
4.3125
4.0
3.6875
3.375
3.0625
3.75
3.4375
3.4375
3.125
3.125
2.8125
2.8125
2.8125
3.5
4.1875
4.875
4.875
4.875
4.5625
4.5625
4.25
4.25
3.9375
3.625
3.625
3.3125
3.3125
3.3125
3.3125
3.3125
3.3125
3.3125
3.3125
3.3125
3.0
3.0
2.6875
2.6875
2.6875
2.6875
2.375
3.0625
3.0625
3.0625
3.75
3.4375
3.4375
4.125
3.8125
4.5
4.1875
3.875
3.5625
3.25
2.9375
2.625
2.625
2.625
2.3125
2.3125
2.3125
2.3125
2.0
1.6875
1.6875
2.375
2.375
2.0625
2.0625
1.75
1.75
1.75
2.4375
2.125
1.8125
1.8125
1.8125
1.5
2.1875
2.875
2.875
2.875
2.875
2.875
2.5625
3.25
2.9375
2.625
2.625
2.625
2.3125
2.3125
2.3125
2.3125
2.0
1.6875
1.6875
2.375
2.0625
2.0625
2.75
2.75
2.75
3.4375
3.125
2.8125
3.5
3.5
3.5
4.1875
4.1875
4.1875
4.1875
3.875
3.875
3.5625
3.25
2.9375
3.625
3.3125
3.3125
3.3125
3.3125
3.3125
3.3125
3.0
2.6875
2.375
2.0625
1.75
1.4375
1.4375
1.4375
1.4375
1.125
1.125
0.8125
0.8125
0.8125
1.5
1.5
1.5
1.5
1.5
1.5
1.5
1.1875
1.1875
1.1875
1.875
1.875
1.875
1.875
1.5625
1.5625
1.25
1.25
0.9375
0.625
0.3125
0.0
0.0
0.6875
0.375
0.375
1.0625
1.0625
0.75
0.4375
0.4375
0.4375
1.125
1.8125
2.5
2.5
2.1875
2.1875
2.1875
2.1875
2.1875
2.1875
2.1875
2.875
2.5625
3.25
3.25
3.9375
4.625
5.3125
5.0
5.0
5.0
5.0
4.6875
4.375
4.375
5.0625
5.0625
4.75
4.75
4.75
4.75
4.75
4.4375
4.4375
4.4375
4.4375
5.125
5.8125
6.5
6.1875
6.1875
5.875
6.5625
6.25
5.9375
6.625
6.625
6.3125
6.3125
6.3125
6.3125
6.3125
6.0
5.6875
5.375
5.375
5.375
5.375
5.375
5.375
5.375
5.0625
5.75
5.75
5.75
6.4375
6.4375
6.125
5.8125
5.5
5.5
6.1875
5.875
6.5625
6.5625
6.5625
6.5625
6.25
5.9375
5.9375
5.9375
5.625
5.3125
5.0
5.0
5.0
5.0
5.0
5.0
5.0
5.0
4.6875
4.6875
5.375
5.0625
4.75
4.4375
4.4375
5.125
5.125
5.125
5.125
5.125
5.125
5.125
5.125
5.125
5.125
5.125
5.125
4.8125
5.5
6.1875
6.1875
5.875
5.875
5.875
5.875
5.875
5.875
5.5625
5.5625
6.25
6.25
5.9375
5.9375
5.9375
5.625
5.625
5.3125
5.0
5.6875
6.375
6.0625
6.0625
6.0625
6.75
7.4375
7.4375
7.125
6.8125
6.8125
6.8125
6.8125
6.5
6.1875
5.875
5.5625
5.5625
5.5625
6.25
6.9375
6.9375
6.9375
6.9375
6.9375
6.625
6.625
6.3125
7.0
7.0
7.0
7.0
7.0
7.0
7.0
7.0
6.6875
7.375
7.375
7.375
7.0625
7.0625
7.0625
7.0625
7.0625
7.0625
6.75
6.75
6.75
6.4375
6.4375
6.125
6.125
5.8125
5.8125
5.8125
5.5
5.1875
5.1875
5.875
5.5625
5.25
5.25
5.25
4.9375
4.9375
4.9375
4.9375
4.625
4.3125
4.3125
4.3125
4.3125
4.3125
4.3125
4.3125
4.0
4.0
3.6875
3.6875
3.6875
3.6875
3.6875
3.6875
3.6875
3.6875
3.375
3.375
4.0625
4.0625
4.0625
4.75
4.75
4.75
4.75
5.4375
6.125
6.125
6.125
6.125
6.125
5.8125
5.8125
5.5
5.5
5.5
6.1875
6.875
7.5625
7.5625
7.25
6.9375
6.9375
7.625
7.625
7.625
7.625
7.625
7.625
7.625
7.625
7.3125
7.3125
7.3125
7.3125
7.3125
7.0
7.0
7.0
7.0
6.6875
7.375
7.375
8.0625
7.75
7.75
8.4375
8.125
8.125
7.8125
7.5
7.1875
7.1875
7.875
7.875
7.875
8.5625
8.5625
8.25
8.25
8.25
7.9375
7.625
7.3125
7.0
7.0
6.6875
7.375
7.0625
7.0625
7.75
7.4375
7.4375
7.4375
7.4375
8.125
8.8125
9.5
9.5
9.5
9.5
9.5
9.1875
9.1875
8.875
8.875
8.5625
8.5625
8.25
8.25
7.9375
8.625
8.625
8.625
8.625
8.625
8.3125
8.3125
8.3125
8.0
8.0
7.6875
7.375
7.0625
7.0625
7.0625
7.75
8.4375
9.125
8.8125
8.8125
8.5
8.1875
7.875
7.5625
7.25
7.9375
7.9375
7.9375
7.9375
7.9375
7.9375
7.9375
7.625
7.625
7.625
8.3125
8.3125
8.3125
9.0
9.6875
9.6875
9.6875
9.375
9.375
9.375
9.375
9.375
9.375
9.375
9.375
9.375
9.375
10.0625
10.0625
9.75
10.4375
11.125
11.125
11.8125
12.5
13.1875
13.1875
12.875
12.5625
12.5625
12.5625
13.25
13.9375
14.625
14.625
14.625
14.625
14.3125
15.0
15.6875
15.6875
15.6875
15.6875
15.6875
15.6875
15.6875
15.375
15.375
15.375
15.375
15.375
15.375
15.0625
14.75
14.75
15.4375
15.4375
15.125
15.125
15.125
15.8125
15.8125
15.5
15.5
15.1875
15.1875
14.875
14.5625
15.25
14.9375
14.625
14.3125
14.0
14.6875
15.375
15.0625
14.75
14.75
14.75
14.4375
14.4375
14.4375
14.125
14.125
13.8125
13.8125
13.5
13.5
13.1875
12.875
12.875
12.875
12.875
12.5625
12.5625
12.25
11.9375
11.9375
12.625
12.3125
13.0
13.0
13.0
12.6875
13.375
14.0625
13.75
13.75
13.4375
13.4375
13.4375
13.4375
14.125
14.125
13.8125
13.5
13.1875
12.875
12.875
12.5625
12.5625
12.5625
12.5625
12.25
12.25
12.25
12.9375
13.625
13.625
13.3125
13.0
13.0
12.6875
12.6875
12.375
12.0625
12.75
12.75
12.4375
13.125
12.8125
12.8125
12.8125
12.5
12.5
12.5
12.5
12.5
12.1875
12.1875
11.875
11.5625
11.5625
11.5625
11.5625
11.5625
11.5625
11.5625
11.5625
12.25
12.9375
13.625
13.3125
13.3125
13.3125
13.3125
13.0
13.0
13.0
13.0
13.6875
14.375
14.375
14.375
14.375
14.375
14.0625
14.0625
13.75
13.75
13.4375
13.125
13.125
13.125
12.8125
12.8125
12.5
12.1875
12.1875
12.1875
12.1875
12.1875
11.875
12.5625
12.5625
12.5625
12.25
12.9375
12.9375
12.625
12.3125
12.3125
12.0
12.0
11.6875
11.6875
11.375
11.375
11.375
11.0625
10.75
10.4375
10.4375
10.125
10.8125
10.5
11.1875
11.875
11.5625
11.25
11.25
10.9375
10.9375
10.625
11.3125
11.3125
11.3125
11.3125
11.3125
11.0
10.6875
10.6875
11.375
11.375
11.375
12.0625
12.75
12.75
13.4375
13.125
13.8125
13.8125
13.8125
13.5
13.5
13.1875
13.1875
13.1875
13.1875
12.875
13.5625
13.25
13.25
13.25
13.25
13.25
13.25
13.25
13.25
13.25
12.9375
12.625
13.3125
13.3125
13.3125
13.3125
13.0
12.6875
12.6875
13.375
13.375
14.0625
13.75
13.4375
13.4375
13.4375
13.4375
13.125
13.125
12.8125
12.5
13.1875
13.875
13.875
14.5625
14.5625
14.5625
14.25
14.9375
14.9375
14.9375
14.9375
14.9375
14.9375
14.625
14.625
14.625
14.625
14.3125
14.3125
14.0
14.6875
14.6875
15.375
15.0625
15.75
15.4375
15.4375
15.125
15.125
15.125
14.8125
15.5
15.5
15.5
15.1875
15.1875
15.1875
15.1875
14.875
14.875
14.5625
14.5625
14.5625
14.25
14.25
14.25
14.25
14.25
13.9375
13.625
14.3125
14.3125
14.0
14.0
14.0
14.0
14.0
13.6875
13.375
13.375
14.0625
14.0625
13.75
13.4375
13.4375
13.4375
13.4375
13.4375
13.4375
13.4375
13.125
13.8125
13.8125
13.5
13.1875
13.1875
13.1875
12.875
12.875
12.875
12.5625
12.5625
12.25
11.9375
11.625
12.3125
12.3125
13.0
12.6875
13.375
13.375
13.375
14.0625
14.0625
14.0625
14.0625
14.0625
14.0625
14.0625
14.0625
13.75
14.4375
14.4375
14.4375
14.4375
14.4375
14.4375
14.4375
14.4375
14.125
13.8125
13.8125
13.8125
14.5
14.1875
14.875
14.875
14.5625
14.5625
14.25
13.9375
13.9375
13.625
13.625
13.3125
13.0
13.0
13.0
12.6875
12.375
13.0625
12.75
12.75
12.75
12.75
12.75
12.4375
12.4375
12.125
12.8125
12.8125
12.5
12.5
12.5
12.5
12.1875
12.875
12.5625
12.5625
12.5625
12.5625
12.5625
12.5625
12.5625
12.5625
12.5625
12.5625
12.5625
12.5625
12.25
12.25
11.9375
11.9375
11.9375
12.625
12.625
12.3125
12.3125
12.3125
12.3125
12.0
12.6875
12.375
12.375
13.0625
13.75
13.75
14.4375
14.125
14.8125
14.8125
14.5
14.5
14.5
14.1875
14.875
14.5625
14.5625
15.25
15.25
15.25
15.9375
15.625
16.3125
16.0
16.0
16.0
16.0
15.6875
15.6875
15.6875
16.375
17.0625
17.75
17.4375
17.4375
17.4375
17.4375
17.125
16.8125
16.5
16.5
16.1875
15.875
15.5625
15.25
14.9375
14.9375
14.9375
15.625
15.3125
15.3125
15.3125
15.0
15.6875
15.375
15.375
16.0625
15.75
15.75
15.75
15.4375
15.4375
15.4375
15.4375
15.125
15.125
14.8125
14.8125
14.8125
14.8125
14.8125
14.8125
14.5
14.5
14.1875
14.1875
13.875
13.5625
13.5625
13.5625
13.5625
13.5625
13.5625
13.25
13.25
13.25
12.9375
12.625
13.3125
13.3125
13.3125
13.3125
13.3125
13.3125
13.3125
13.0
13.6875
13.375
13.375
13.375
14.0625
14.0625
13.75
13.75
13.4375
13.4375
13.4375
13.4375
13.4375
13.125
13.8125
13.5
13.5
13.5
14.1875
14.1875
13.875
13.5625
13.5625
13.5625
14.25
13.9375
13.9375
14.625
14.625
14.3125
14.0
13.6875
13.6875
13.6875
13.375
13.0625
13.0625
13.0625
13.0625
12.75
12.75
12.75
13.4375
13.4375
13.4375
13.4375
13.4375
13.125
13.125
12.8125
12.8125
12.8125
12.8125
12.5
12.5
12.5
12.5
12.5
12.1875
12.875
12.5625
12.5625
12.5625
12.25
12.25
12.25
12.25
12.25
12.25
11.9375
11.9375
11.625
11.3125
11.3125
11.3125
12.0
11.6875
11.6875
11.375
12.0625
12.0625
12.0625
12.75
12.75
12.4375
12.125
12.125
12.125
12.8125
12.8125
12.5
12.5
12.5
13.1875
13.1875
12.875
12.5625
12.25
12.25
12.9375
12.9375
12.625
12.625
12.625
12.3125
12.3125
12.0
12.0
11.6875
11.6875
11.375
11.375
11.0625
11.0625
10.75
10.75
10.75
10.75
10.4375
11.125
11.125
11.125
11.8125
11.8125
11.8125
11.8125
11.8125
11.8125
11.8125
11.5
11.5
11.1875
11.1875
10.875
10.5625
10.5625
10.25
10.25
10.25
10.25
9.9375
10.625
10.625
10.3125
10.0
10.0
9.6875
9.6875
9.6875
9.6875
9.6875
9.375
9.0625
9.0625
9.75
9.75
9.75
9.75
9.4375
9.4375
9.125
9.125
9.125
9.125
9.125
9.125
9.125
9.125
8.8125
9.5
9.5
9.5
9.1875
9.1875
9.1875
9.875
9.5625
9.5625
9.5625
10.25
9.9375
9.9375
10.625
10.625
10.3125
10.3125
10.0
10.6875
10.6875
10.375
10.375
10.375
10.375
10.375
10.0625
10.0625
9.75
9.75
9.75
9.75
9.75
9.75
10.4375
10.125
10.8125
10.8125
10.8125
10.8125
10.8125
10.5
11.1875
10.875
10.5625
10.5625
10.5625
10.25
9.9375
9.9375
10.625
11.3125
11.3125
12.0
11.6875
11.6875
12.375
12.0625
11.75
11.75
12.4375
12.4375
12.4375
12.125
12.8125
12.5
12.5
12.1875
12.1875
11.875
11.5625
11.5625
11.25
11.25
10.9375
10.9375
10.625
10.3125
11.0
11.0
11.0
11.0
11.0
11.6875
11.6875
11.375
11.0625
11.75
11.4375
11.4375
11.4375
11.125
11.8125
11.5
11.1875
11.1875
11.1875
10.875
10.875
10.875
10.5625
10.5625
10.25
10.25
9.9375
9.9375
9.9375
9.9375
9.9375
9.9375
9.9375
9.9375
9.9375
9.9375
9.9375
9.9375
9.9375
9.9375
9.625
10.3125
10.0
9.6875
10.375
11.0625
11.0625
11.0625
11.75
11.75
11.75
11.75
11.75
11.4375
11.4375
11.125
11.125
10.8125
10.8125
10.8125
10.5
10.5
10.5
10.5
10.5
10.5
10.1875
10.1875
10.1875
10.875
10.5625
11.25
11.25
11.25
10.9375
11.625
11.3125
12.0
12.0
12.6875
12.6875
12.375
12.375
12.0625
11.75
11.75
11.75
11.4375
11.4375
11.4375
11.4375
11.4375
11.125
11.125
10.8125
10.8125
10.5
11.1875
11.1875
11.1875
11.1875
11.1875
11.1875
11.875
11.5625
12.25
11.9375
11.625
11.625
11.625
11.625
12.3125
12.0
12.0
12.6875
12.6875
12.6875
12.375
12.0625
12.0625
12.75
13.4375
13.4375
13.4375
13.4375
13.4375
14.125
14.8125
14.8125
14.8125
15.5
15.5
15.1875
14.875
14.5625
14.5625
14.5625
14.25
14.9375
14.625
14.625
15.3125
15.3125
15.3125
15.3125
15.3125
15.3125
15.0
15.0
14.6875
14.375
14.0625
14.75
15.4375
15.4375
15.4375
15.4375
15.125
15.8125
16.5
16.5
16.5
16.5
16.5
16.5
16.5
16.1875
15.875
16.5625
16.25
15.9375
15.9375
15.625
16.3125
16.3125
16.3125
16.3125
17.0
17.0
17.0
16.6875
17.375
17.0625
16.75
16.75
16.4375
16.125
16.125
15.8125
15.8125
15.8125
15.8125
15.8125
15.8125
15.5
15.1875
15.1875
15.1875
15.1875
15.1875
14.875
14.875
14.5625
14.5625
14.25
14.25
13.9375
13.625
13.625
13.3125
13.0
13.6875
13.6875
13.375
13.0625
12.75
12.75
13.4375
13.4375
13.4375
13.4375
13.4375
13.4375
13.4375
13.4375
13.125
13.8125
13.5
13.5
14.1875
14.1875
14.1875
14.1875
14.875
14.875
14.875
14.875
14.5625
15.25
15.25
14.9375
14.9375
14.9375
14.625
14.625
14.3125
14.3125
14.3125
14.0
14.6875
14.6875
14.6875
14.6875
14.375
14.375
14.0625
14.0625
13.75
13.4375
14.125
14.125
14.8125
14.8125
14.5
14.5
14.1875
13.875
13.875
13.875
14.5625
14.5625
14.25
14.25
14.25
14.25
13.9375
13.9375
13.9375
13.9375
13.9375
13.9375
13.9375
13.625
14.3125
14.0
14.0
14.0
14.0
14.0
14.0
13.6875
13.6875
13.375
13.0625
13.0625
13.0625
13.0625
12.75
12.4375
12.4375
13.125
13.125
13.125
13.125
13.125
13.125
12.8125
12.8125
12.5
12.5
12.1875
11.875
11.875
11.875
11.875
11.875
11.875
11.5625
11.25
11.25
11.9375
11.9375
11.625
11.3125
12.0
11.6875
11.6875
12.375
12.0625
12.75
12.75
12.75
12.75
12.75
12.75
13.4375
13.4375
13.4375
13.4375
13.125
12.8125
12.5
13.1875
12.875
12.5625
13.25
12.9375
12.9375
12.9375
12.9375
12.9375
12.9375
12.9375
12.625
12.625
12.625
13.3125
14.0
14.0
14.0
14.0
14.0
13.6875
13.6875
13.375
14.0625
14.75
14.4375
14.4375
15.125
14.8125
14.5
14.5
14.5
14.5
14.1875
14.875
14.875
14.875
14.875
14.875
14.5625
15.25
14.9375
14.625
15.3125
16.0
16.6875
16.375
16.375
16.375
16.375
17.0625
17.75
17.75
17.75
17.4375
17.4375
18.125
18.125
18.8125
18.5
19.1875
18.875
18.875
18.875
18.5625
19.25
19.25
19.25
19.9375
20.625
20.625
20.625
20.625
20.625
20.625
21.3125
22.0
22.0
21.6875
21.6875
21.6875
21.6875
21.6875
22.375
23.0625
23.0625
23.75
23.75
23.4375
24.125
24.8125
25.5
25.5
25.5
26.1875
25.875
26.5625
26.25
26.25
26.25
25.9375
25.9375
25.9375
25.625
25.625
25.625
26.3125
26.3125
26.3125
27.0
27.0
27.6875
28.375
28.375
29.0625
29.75
30.4375
30.4375
30.4375
30.125
30.125
30.8125
30.5
30.5
30.1875
29.875
30.5625
30.5625
30.5625
30.25
30.25
30.9375
31.625
32.3125
32.0
31.6875
31.375
31.375
31.375
31.0625
30.75
30.75
30.4375
30.4375
30.4375
30.4375
31.125
31.125
31.8125
31.5
31.5
31.5
32.1875
32.875
33.5625
33.5625
33.25
32.9375
32.9375
32.9375
32.625
32.625
32.625
32.625
32.625
33.3125
34.0
34.0
34.0
34.0
34.0
34.6875
34.6875
34.6875
34.6875
34.6875
35.375
35.375
36.0625
36.75
37.4375
37.4375
37.125
37.125
37.125
37.125
36.8125
36.8125
36.8125
36.8125
37.5
38.1875
38.875
39.5625
39.25
39.25
38.9375
38.625
38.625
38.3125
38.3125
38.0
38.6875
38.6875
38.375
38.375
38.0625
38.0625
38.75
38.75
39.4375
40.125
40.8125
41.5
42.1875
42.875
43.5625
43.5625
43.5625
43.5625
43.5625
43.5625
44.25
44.9375
44.625
44.625
44.3125
44.3125
44.3125
45.0
45.6875
46.375
47.0625
47.0625
47.75
47.4375
48.125
48.125
48.125
48.125
48.125
47.8125
48.5
49.1875
49.875
50.5625
50.5625
50.25
50.25
50.25
49.9375
50.625
50.625
50.3125
50.3125
50.3125
50.0
50.6875
51.375
51.375
52.0625
52.0625
52.75
52.75
52.75
52.75
53.4375
53.4375
53.4375
54.125
54.8125
55.5
55.1875
55.1875
55.875
55.875
55.875
55.5625
56.25
56.25
55.9375
55.9375
55.9375
55.9375
55.9375
55.9375
55.9375
55.9375
55.9375
55.625
55.625
55.625
55.3125
56.0
56.0
55.6875
56.375
56.375
56.375
57.0625
57.0625
57.0625
57.75
57.75
58.4375
59.125
59.8125
59.8125
60.5
60.1875
59.875
60.5625
60.5625
61.25
60.9375
61.625
61.625
61.625
62.3125
63.0
63.0
63.0
62.6875
62.6875
62.6875
62.6875
63.375
64.0625
64.75
64.75
64.75
65.4375
65.4375
65.4375
65.4375
65.4375
65.4375
66.125
66.125
66.8125
66.8125
66.8125
66.5
67.1875
67.875
67.875
68.5625
69.25
69.9375
69.9375
69.9375
69.9375
70.625
70.625
71.3125
71.3125
71.3125
71.0
71.0
71.6875
72.375
73.0625
73.75
73.4375
73.125
73.125
73.125
73.8125
74.5
74.5
74.1875
73.875
74.5625
74.5625
74.5625
74.5625
74.5625
74.5625
74.5625
75.25
75.25
75.9375
75.9375
76.625
76.3125
76.3125
76.3125
77.0
77.6875
77.6875
77.6875
78.375
78.375
79.0625
79.0625
79.0625
79.0625
79.0625
79.75
80.4375
81.125
81.125
81.8125
81.5
81.5
81.5
81.5
82.1875
82.875
83.5625
83.5625
83.25
83.9375
83.9375
83.9375
83.625
83.625
84.3125
85.0
84.6875
84.6875
84.375
84.375
84.375
84.0625
84.75
85.4375
85.4375
86.125
85.8125
85.8125
85.5
85.1875
85.1875
84.875
84.5625
84.25
83.9375
83.625
84.3125
85.0
85.6875
85.6875
85.6875
86.375
86.375
87.0625
86.75
86.75
86.75
87.4375
88.125
88.125
88.125
88.125
88.125
88.125
88.8125
89.5
89.5
90.1875
89.875
90.5625
90.5625
90.25
90.9375
90.9375
90.625
90.3125
91.0
90.6875
90.6875
90.375
90.0625
89.75
89.4375
90.125
90.8125
90.8125
90.5
90.1875
90.875
91.5625
92.25
92.9375
92.9375
92.625
92.625
92.625
92.625
92.625
92.3125
92.3125
93.0
92.6875
93.375
94.0625
94.75
94.75
95.4375
96.125
96.8125
97.5
97.5
98.1875
98.875
99.5625
100.25
100.25
99.9375
100.625
101.3125
102.0
102.6875
103.375
103.375
104.0625
103.75
103.75
104.4375
104.4375
104.4375
104.4375
105.125
105.8125
105.5
105.1875
105.1875
104.875
105.5625
106.25
106.25
105.9375
106.625
106.625
107.3125
108.0
108.0
108.0
107.6875
108.375
108.375
108.375
109.0625
109.0625
109.75
109.75
110.4375
110.4375
111.125
111.125
111.125
111.125
111.8125
112.5
113.1875
113.1875
113.1875
112.875
112.875
112.875
113.5625
114.25
114.9375
114.9375
115.625
115.625
115.625
115.625
116.3125
116.3125
117.0
116.6875
116.375
116.375
116.0625
115.75
116.4375
117.125
117.8125
117.8125
118.5
118.5
118.5
118.1875
118.1875
118.875
119.5625
120.25
120.25
120.25
120.9375
121.625
121.625
122.3125
122.0
122.6875
122.6875
122.6875
122.6875
122.6875
122.6875
123.375
124.0625
124.0625
124.0625
124.75
125.4375
125.4375
126.125
125.8125
126.5
126.1875
126.1875
126.1875
126.1875
126.1875
126.1875
126.1875
125.875
126.5625
127.25
127.9375
127.9375
128.625
129.3125
130.0
129.6875
130.375
130.375
130.0625
130.0625
130.0625
130.75
131.4375
131.4375
131.4375
131.125
131.8125
131.8125
131.5
132.1875
132.875
132.5625
133.25
132.9375
132.9375
132.625
133.3125
133.3125
133.0
132.6875
132.6875
133.375
133.375
134.0625
134.0625
134.0625
133.75
133.75
134.4375
134.4375
134.4375
134.125
134.8125
134.8125
135.5
136.1875
136.875
136.875
136.875
136.875
136.875
137.5625
137.5625
138.25
137.9375
137.9375
137.9375
137.625
138.3125
138.3125
138.0
138.6875
138.6875
138.6875
138.6875
139.375
139.375
139.375
139.0625
138.75
139.4375
139.125
139.8125
140.5
140.1875
140.1875
140.875
141.5625
142.25
141.9375
142.625
142.3125
142.3125
142.0
141.6875
141.375
142.0625
142.0625
142.0625
142.0625
142.75
142.75
143.4375
144.125
144.125
144.125
144.8125
145.5
145.1875
144.875
144.875
144.5625
144.25
144.25
143.9375
143.625
143.625
144.3125
144.3125
145.0
145.0
145.0
145.6875
146.375
147.0625
147.75
148.4375
149.125
149.125
149.8125
150.5
150.5
151.1875
151.875
151.875
151.5625
152.25
152.25
152.9375
153.625
153.625
153.625
153.625
154.3125
154.3125
154.0
154.0
154.0
153.6875
154.375
155.0625
155.75
155.75
155.75
156.4375
156.4375
156.4375
156.4375
156.4375
157.125
157.8125
157.8125
158.5
159.1875
159.875
159.5625
159.25
158.9375
158.625
159.3125
159.3125
159.3125
159.3125
160.0
160.0
160.0
159.6875
160.375
160.375
160.375
160.375
161.0625
161.0625
161.75
161.75
161.4375
161.125
161.8125
161.8125
162.5
162.1875
162.875
163.5625
164.25
163.9375
163.625
164.3125
164.0
164.6875
164.6875
164.6875
165.375
165.0625
165.75
165.4375
165.4375
165.4375
165.125
165.8125
165.8125
165.8125
165.8125
165.8125
165.5
166.1875
166.875
166.875
166.5625
167.25
167.9375
167.9375
167.625
167.3125
168.0
167.6875
168.375
169.0625
169.0625
169.0625
169.0625
169.0625
169.75
169.75
169.4375
169.125
169.8125
169.8125
170.5
170.5
171.1875
171.875
171.875
172.5625
173.25
173.25
173.9375
174.625
175.3125
176.0
175.6875
175.375
176.0625
176.0625
175.75
175.4375
175.4375
175.125
175.125
175.125
175.125
175.8125
175.5
175.5
176.1875
176.1875
176.875
176.5625
176.5625
176.5625
176.25
176.25
176.9375
176.9375
176.9375
177.625
178.3125
179.0
178.6875
178.6875
179.375
179.0625
179.75
180.4375
181.125
181.125
181.8125
181.8125
181.8125
182.5
182.1875
182.875
183.5625
184.25
184.25
184.25
183.9375
183.9375
183.9375
183.9375
184.625
185.3125
185.3125
185.0
185.6875
185.6875
185.6875
185.375
186.0625
186.0625
186.0625
186.0625
186.75
186.75
186.75
186.75
186.75
187.4375
187.4375
188.125
187.8125
188.5
188.5
188.1875
188.875
189.5625
189.5625
189.5625
190.25
190.9375
191.625
191.625
191.625
191.3125
191.3125
192.0
191.6875
192.375
192.375
192.0625
192.0625
192.0625
191.75
191.4375
191.4375
191.4375
191.4375
191.4375
192.125
192.125
192.125
192.125
192.8125
192.8125
193.5
193.1875
193.1875
193.875
193.875
194.5625
194.5625
195.25
194.9375
194.9375
194.625
195.3125
196.0
196.6875
196.6875
197.375
197.375
197.375
197.0625
197.75
198.4375
199.125
199.8125
199.5
199.5
199.1875
199.1875
199.1875
198.875
199.5625
200.25
200.25
200.9375
201.625
201.625
201.3125
201.0
201.6875
201.6875
201.6875
201.6875
202.375
203.0625
203.75
203.75
203.4375
204.125
204.8125
204.8125
204.8125
205.5
205.5
206.1875
206.1875
206.875
206.875
207.5625
207.25
207.9375
208.625
208.3125
208.3125
208.3125
208.3125
209.0
209.6875
210.375
210.0625
209.75
209.75
209.4375
209.4375
210.125
209.8125
210.5
210.5
210.5
