299.803356565
295.834999059
292.47359177
292.47359177
292.253101525
292.603704635
293.001853128
292.16585655
291.205283585
292.344926205
292.257862607
292.133286221
292.008709835
290.322696908
289.924957504
289.833631289
289.688740273
289.314082646
289.290028128
289.265973611
290.352051431
292.80989989
292.80989989
290.702654541
290.304915137
290.806673369
290.673939263
290.596198497
290.570131788
290.511466081
290.426495732
290.328811439
290.231590782
290.156733694
290.116935912
290.047992487
289.961917871
289.853757653
289.761804343
289.692657045
289.613390966
289.576785064
289.518491885
289.481309168
289.458362342
289.433444498
289.368841761
289.274435167
289.197946166
289.185121636
289.203834235
289.198218305
289.192210743
289.202057778
289.217576638
289.230249401
289.263275393
289.244009176
289.140912347
289.038736246
288.953332397
288.891195209
288.787267828
288.686094352
288.603747618
288.518643423
288.436468651
288.356287484
288.288184537
288.22496694
288.111837528
287.978885341
287.835955513
287.660793648
287.430619737
287.209111855
287.004351444
286.799130387
286.633423119
286.463113422
286.314483046
286.196480651
286.067925538
285.920521095
285.793790327
285.624189863
285.420026793
285.253540363
285.118073548
284.987680819
284.88234239
284.794783715
284.673230145
284.592147872
284.504175936
284.4102466
284.325185439
284.258985186
284.180821184
284.084739587
283.940587631
283.758461465
283.609405955
283.464975462
283.323923462
283.177572653
283.048389701
282.904630042
282.812115817
282.797086726
282.781136908
282.77135226
282.7697038
282.776337385
282.786953798
282.789771399
282.770554297
282.752257922
282.748174851
282.742120762
282.725487812
282.717585979
282.715166332
282.703886006
282.683077108
282.701481448
282.745331235
282.775542837
282.834711541
282.877184046
282.937574145
283.010854937
283.086106746
283.170860983
283.260504124
283.329927613
283.407161491
283.525286027
283.622129569
283.73701005
283.837970857
283.920897795
284.001780228
284.012079842
284.006436436
283.977222259
283.92350505
283.868182313
283.814095047
283.746692618
283.670708489
283.628581416
283.602661252
283.576269431
283.557687999
283.513853797
283.483900105
283.419336175
283.363249248
283.288374745
283.246562875
283.237831272
283.220963483
283.181274547
283.133303563
283.078929667
283.00816368
282.94919091
282.916391636
282.868907402
282.798156507
282.754376564
282.721490226
282.6807935
282.649866602
282.632230002
282.585372898
282.538515793
282.490887379
282.424869713
282.358852047
282.293755108
282.226687153
282.160877299
282.118349197
282.081982709
282.04655204
282.019703072
281.968399313
281.935484806
281.904687176
281.855470554
281.811457582
281.743902526
281.764583996
281.765955488
281.807761497
281.849871616
281.887161763
281.939612083
282.017790386
282.10455039
282.180735089
282.252506096
282.323805447
282.364948474
282.417475339
282.457183564
282.506224125
282.552822013
282.601684546
282.633427465
282.625200454
282.601030423
282.591545352
282.549472861
282.504957696
282.507451024
282.505040798
282.486092622
282.454300939
282.430304554
282.387922475
282.341387036
282.3036053
282.25999577
282.216566547
282.187810706
282.17330037
282.167371733
282.143076434
282.08526141
282.021618591
281.940830503
281.842559771
281.727896948
281.612762469
281.498986208
281.383669795
281.287915669
281.176214966
281.02928741
280.91225229
280.767797149
280.644638094
280.496950763
280.369045066
280.189981032
280.027309087
279.864637142
279.68094809
279.472466873
279.288912104
279.110242682
278.934015935
278.760231862
278.600983333
278.446271399
278.323212869
278.20092565
278.080309794
277.969222509
277.849856734
277.745962322
277.65801093
277.570531196
277.515638881
277.44724622
277.348237156
277.256574321
277.132458348
277.015681107
276.928139462
276.847809722
276.766429691
276.707533432
276.652493951
276.584455523
276.515043783
276.412551776
276.287713835
276.188603877
276.122541986
276.069197553
276.032998389
275.977533026
275.91622829
275.857366229
275.790256287
275.762056371
275.746566843
275.731848625
275.735965171
275.729517422
275.748518677
275.769977255
275.783165364
275.803692205
275.851167409
275.907224314
275.935861198
275.964219546
275.984633222
275.980120451
275.973165007
275.968652236
275.970438918
275.996260531
276.003235803
275.987222951
275.979020488
275.967435976
275.962145819
275.956743589
275.978636714
275.992614751
276.010000713
276.026937605
276.05934586
276.080726184
276.086949891
276.108908849
276.133914814
276.143185529
276.151669841
276.16257424
276.148080535
276.127759036
276.118465467
276.103218054
276.079388942
276.070098929
276.046120442
276.056133337
276.06197778
276.0678338
276.099410733
276.172529106
276.243204805
276.310966172
276.337374838
276.340965912
276.35754991
276.356519524
276.349189686
276.323025084
276.294678139
276.305229643
276.307970758
276.31118353
276.299860758
276.332350096
276.383937601
276.466119821
276.564526584
276.670732158
276.782971756
276.900809816
277.020340928
277.168522375
277.305385819
277.452356468
277.577284392
277.687781775
277.801305561
277.864267333
277.995341271
278.126460639
278.343650398
278.567606169
278.795119993
279.003799052
279.232957726
279.492914914
279.722179033
279.937098703
280.173709008
280.390299778
280.616240519
280.845022261
281.064855343
281.30516804
281.539051679
281.781205786
282.003738686
282.231349186
282.458012289
282.702727269
282.895348091
283.093658869
283.317367751
283.561140319
283.826338094
284.080214309
284.321076927
284.528903057
284.746844411
284.960668656
285.167131582
285.373594507
285.574229638
285.787693183
285.978936844
286.161338473
286.332871698
286.481305809
286.605549019
286.72131553
286.797488684
286.855744244
286.88780372
286.932891885
286.963719486
287.018300496
287.080546037
287.148159292
287.204733082
287.208916625
287.201364767
287.134387672
287.062615582
287.01254926
287.011474026
286.986422657
286.901363848
286.843141329
286.767600081
286.676793698
286.585849478
286.458135265
286.300609101
286.176234076
286.062100842
285.967447563
285.855455324
285.732007243
285.599824532
285.459995939
285.276855206
285.101387023
284.947648905
284.770955357
284.583515369
284.392092554
284.184726719
284.007843004
283.846553399
283.717249994
283.590263213
283.434170399
283.255731651
283.083592356
282.907021163
282.72442227
282.534024566
282.353745642
282.186031246
282.02734762
281.876324967
281.740773677
281.602779713
281.45651528
281.310722504
281.169083088
281.017988432
280.877606919
280.788219712
280.733721761
280.666281146
280.610104274
280.508892999
280.401282366
280.268396334
280.092618918
279.926948706
279.802136383
279.699376397
279.651809661
279.597368354
279.565998751
279.578273712
279.617519624
279.615699309
279.591739289
279.562535205
279.550198424
279.535418969
279.52204699
279.531930093
279.574872274
279.632361788
279.656603486
279.687719756
279.740621975
279.81038794
279.887814879
279.93383897
279.997777099
280.040419584
280.089015913
280.135641225
280.191112125
280.248082385
280.322318274
280.393724698
280.441377713
280.46205622
280.504161582
280.55559928
280.588456329
280.638441012
280.671160066
280.714592263
280.726475753
280.714276857
280.732814196
280.690734598
280.593663155
280.47962807
280.323121091
280.170630636
280.055816822
279.949088377
279.851692312
279.781716267
279.684623411
279.583688427
279.4665289
279.312090161
279.149841032
278.997699108
278.855057067
278.69646845
278.54738226
278.405657391
278.263932521
278.13001804
277.979239813
277.827518271
277.661123347
277.494728423
277.325884197
277.160896748
276.991926473
276.808531569
276.612255745
276.421819293
276.276416802
276.122432611
276.002179471
275.883771299
275.743299243
275.624753264
275.504236268
275.378264494
275.262929018
275.184817556
275.117734026
275.019105344
274.918033988
274.845799903
274.756112385
274.699897405
274.630660889
274.572598164
274.539089482
274.512938563
274.523191091
274.529747046
274.521146383
274.574838406
274.60682466
274.619500936
274.602795756
274.573124322
274.538429545
274.536921699
274.527281221
274.511215243
274.517495198
274.531585543
274.537068044
274.519717862
274.515422512
274.518016826
274.513249819
274.510453829
274.53243487
274.572714542
274.598780911
274.62314015
274.64749939
274.688855053
274.731710076
274.780255055
274.840593251
274.89544926
274.949833611
274.977101152
275.012950394
275.013097567
275.01337079
275.061432323
275.093257735
275.125083148
275.151236735
275.155242901
275.163696055
275.187620572
275.216445087
275.226431281
275.237338202
275.269077048
275.336074948
275.40382285
275.479880207
275.555465907
275.604855523
275.642768139
275.642891394
275.654176863
275.652748388
275.679424735
275.706572739
275.753345467
275.847390574
275.942801995
276.026453341
276.113808977
276.207590114
276.272135655
276.329020222
276.391594746
276.450805869
276.487982289
276.548425369
276.635513603
276.726458615
276.777017395
276.808996022
276.89709442
276.969754679
277.025718738
277.072927562
277.135293004
277.199996423
277.228001742
277.25750642
277.298510687
277.353921378
277.433860345
277.513799312
277.614113196
277.703402705
277.800502605
277.92332693
277.99625102
278.091666903
278.167903576
278.22819723
278.294908888
278.380458868
278.441216682
278.498611096
278.498400522
278.508018807
278.550508335
278.592997863
278.626905691
278.685790865
278.787713282
278.885957553
278.979788133
279.082211991
279.173607918
279.244132597
279.281586622
279.301018356
279.315220369
279.295902658
279.274402604
279.266666784
279.266591937
279.281673707
279.282991244
279.309235227
279.326111066
279.305821728
279.279704595
279.25555848
279.259585564
279.236862797
279.229314283
279.235229335
279.184223342
279.127251927
279.068080374
279.03137103
278.997609314
278.949115378
278.889455672
278.805267689
278.717510077
278.59272157
278.472071331
278.325972088
278.108847056
277.93304056
277.755110559
277.583304936
277.406017126
277.188331506
276.966492526
276.756707094
276.540032
276.331938605
276.130734873
275.911617104
275.692970993
275.493159645
275.304061441
275.071925993
274.855261908
274.637395045
274.380841431
274.105382764
273.869500758
273.649367121
273.453561708
273.285687331
273.132494358
272.952530182
272.772566007
272.595044505
272.368060259
272.153340887
271.938621515
271.694532264
271.460963035
271.241158041
271.004834907
270.755512826
270.480926923
270.232050354
269.986406419
269.796316911
269.608427541
269.389356424
269.185546621
268.957979853
268.752034968
268.568573856
268.404821047
268.253231146
268.087011222
267.906922366
267.748969856
267.628519898
267.505228939
267.380299758
267.24468002
267.125458328
267.050664459
266.99153156
266.914401043
266.844264886
266.774128729
266.7199205
266.664791545
266.597335436
266.50170867
266.420157369
266.390148083
266.360138798
266.320956323
266.309026321
266.310637214
266.30744923
266.294938378
266.287589012
266.26275663
266.256290911
266.237460201
266.214004475
266.188106074
266.182898982
266.180134565
266.177841805
266.192727538
266.22355629
266.240620809
266.265346302
266.259443814
266.258292392
266.304156005
266.349215166
266.292329823
266.225224809
266.178049375
266.1223825
266.092323818
266.068875819
266.023081887
265.955136977
265.894990878
265.837514611
265.782879344
265.733527751
265.725034047
265.704696383
265.700095206
265.71998904
265.695918949
265.66092918
265.609984814
265.550563446
265.481255973
265.418838163
265.352437526
265.288007906
265.237616125
265.197343125
265.130570832
265.019301627
264.913871795
264.814835102
264.708148972
264.59458827
264.473220736
264.354481058
264.250748581
264.147959419
264.050070254
264.027007772
264.026813319
264.044412811
264.086209158
264.128005506
264.181265738
264.220213129
264.265357206
264.306844252
264.36130913
264.441947504
264.512470653
264.518079822
264.522050768
264.634105244
264.745931373
264.826770405
264.896856737
264.959237376
264.997561397
265.036357074
265.061652405
265.063194327
265.098271065
265.130905129
265.153297707
265.125935008
265.097032728
265.029926994
264.977306808
264.954973713
264.926686774
264.897364638
264.8864464
264.867841046
264.856110262
264.803198781
264.748316282
264.684361778
264.622516129
264.597882918
264.60711032
264.610498349
264.619840222
264.62627526
264.675286936
264.696878591
264.690578568
264.638643364
264.619756227
264.593719538
264.536145721
264.501647426
264.449826846
264.388033722
264.325768941
264.251568618
264.189974006
264.112067485
264.026790062
263.945662443
263.862378624
263.793066809
263.712087827
263.656506948
263.617614247
263.574096529
263.572234723
263.574355743
263.558577818
263.523018259
263.486987042
263.441174419
263.421561435
263.380822899
263.342527037
263.315393387
263.307398612
263.292361718
263.31505662
263.312397569
263.320769964
263.340119546
263.365422971
263.392113684
263.436257829
263.456530536
263.483677814
263.485376088
263.460455879
263.432811473
263.394570199
263.350653618
263.291475721
263.237197822
263.174637876
263.097196293
263.024357139
262.956929447
262.904520535
262.81662088
262.764962161
262.714053636
262.625809402
262.532174864
262.430269858
262.308656547
262.172358277
262.012321688
261.871906308
261.776038584
261.680449396
261.633839718
261.565934396
261.509810713
261.424777756
261.291193169
261.146290578
261.009643891
260.864861016
260.738912905
260.594130031
260.437507057
260.240457587
260.033746805
259.849748916
259.68809696
259.563951071
259.432443861
259.319284666
259.200769333
259.083315869
258.958063592
258.843730993
258.735352237
258.6004404
258.456682976
258.308359373
258.170483789
258.05024682
257.96689649
257.889068569
257.786807422
257.681161155
257.576522677
257.469521927
257.378757297
257.283564327
257.211188948
257.148558724
257.081829398
257.02406545
256.942888981
256.845227068
256.744053985
256.661563781
256.586734551
256.537567468
256.503085346
256.492341541
256.45662039
256.371908152
256.284003046
256.163361104
256.065985822
255.963128354
255.852460496
255.757264001
255.691774759
255.609421771
255.53520497
255.434488874
255.36133866
255.315499907
255.343948264
255.345305577
255.330049699
255.310833583
255.234827567
255.16326854
255.086375094
255.001085131
254.923578887
254.839198072
254.74667305
254.65633037
254.591133484
254.527907615
254.472480558
254.424047861
254.394004415
254.368389309
254.346137604
254.336435778
254.346797637
254.370941364
254.366822939
254.34417158
254.354107641
254.367747992
254.38751272
254.401257769
254.410451131
254.419644494
254.454395307
254.466995141
254.444535099
254.433724061
254.453711537
254.443437991
254.395019705
254.350178423
254.348700182
254.328858834
254.279216809
254.244851495
254.250412333
254.27603176
254.281942883
254.249089838
254.227287313
254.219720677
254.220739299
254.244129998
254.270884098
254.291473028
254.316211762
254.349086683
254.344741146
254.354816681
254.373170706
254.403748813
254.446234607
254.458575656
254.477791276
254.505151104
254.524846402
254.54604106
254.567235718
254.567884926
254.566563117
254.554662447
254.53251227
254.515254594
254.464462628
254.408491684
254.366890914
254.353457244
254.342320389
254.299067772
254.2332761
254.159087909
254.12073135
254.08588596
254.041405024
253.985130871
253.936300147
253.909236725
253.877099216
253.808209349
253.743384419
253.71027873
253.681406424
253.629545995
253.59652033
253.58563437
253.547678481
253.4712958
253.380037064
253.308486631
253.286138611
253.255182748
253.199546793
253.142116571
253.066123259
252.982323115
252.863481298
252.744534784
252.62558827
252.535920721
252.459843871
252.365515986
252.273540423
252.186638947
252.115208834
252.032750789
251.926213538
251.8174975
251.70144273
251.575134896
251.490932043
251.431403326
251.37187461
251.290114431
251.212387518
251.172892746
251.11152242
251.043719595
250.957553664
250.851306444
250.764295871
250.701484221
250.647069089
250.569375761
250.485728589
250.403316889
250.312323489
250.235094322
250.173336519
250.081871461
249.98796373
249.912453271
249.837540518
249.754345718
249.666831094
249.573488676
249.484299617
249.402580437
249.321539143
249.258476974
249.182596165
249.106715355
249.0357381
248.96580762
248.926033159
248.881130353
248.823228598
248.807574507
248.774045988
248.699198932
248.623400543
248.562486697
248.496740341
248.448349967
248.397408665
248.327157386
248.260127204
248.217625298
248.20056884
248.176637812
248.140142256
248.108271717
248.060308742
248.012345767
247.984236955
247.913660064
247.841306807
247.789579024
247.71662099
247.667416366
247.661574782
247.636024895
247.604639191
247.570810814
247.550007569
247.529204323
247.491222586
247.459851531
247.445344224
247.416864913
247.403856965
247.393291692
247.372607637
247.335405443
247.298203248
247.268549955
247.251614119
247.228082249
247.208873717
247.189458956
247.16064677
247.144653225
247.076565523
246.963458508
246.863797581
246.758117278
246.664335195
246.572524128
246.495274371
246.468606294
246.50256673
246.527505957
246.498970006
246.483268094
246.450706833
246.371125502
246.310854149
246.290988627
246.2788134
246.195627475
246.115203944
246.08410223
246.018413827
245.937269153
245.862224183
245.802578047
245.803422587
245.780187919
245.716558998
245.665259427
245.588191649
245.501216102
245.446205444
245.372828123
245.276655798
245.131503964
244.99000916
244.889710145
244.802410078
244.687689991
244.570998886
244.445250868
244.319502849
244.197773909
244.098390902
243.993984552
243.881445572
243.754206539
243.610100203
243.465522209
243.314073202
243.14885996
242.983646719
242.865561802
242.790985785
242.689405677
242.594425159
242.516572276
242.438135663
242.335844457
242.220542725
242.071246055
241.905531152
241.78102309
241.673193593
241.560544124
241.486437721
241.386135235
241.238997861
241.093974185
241.01045878
240.938394285
240.837382889
240.711250395
240.576641203
240.475279827
240.372737014
240.240125278
240.112022283
240.019347708
239.923679678
239.834625317
239.740007363
239.60484282
239.488516596
239.411400054
239.349877621
239.282255484
239.174235538
239.043289747
238.974366192
238.898568066
238.816475585
238.744830819
238.696481994
238.617516766
238.546223785
238.493649292
238.438766407
238.414221431
238.390148112
238.370503133
238.379307348
238.370197526
238.333580588
238.299406324
238.294015285
238.277596315
238.24404971
238.224851069
238.198407383
238.158774582
238.123573678
238.112455538
238.081273711
238.021602469
237.939797054
237.863555232
237.828628167
237.813181058
237.771537865
237.703760868
237.621770567
237.536858781
237.506580696
237.507596899
237.455029693
237.392593404
237.349673322
237.305024548
237.216172458
237.117495184
237.047622485
236.97763351
236.916226236
236.847008573
236.775612122
236.729468442
236.667849842
236.60714039
236.572093087
236.503969072
236.416995201
236.342929925
236.291936658
236.211837662
236.134935048
236.069147765
236.001034083
235.957724143
235.904157582
235.850591022
235.803914124
235.742552266
235.697133428
235.65171459
235.582264377
235.505504031
235.420317954
235.337073289
235.238122978
235.137844055
235.04298504
234.947351158
234.853321312
234.738615036
234.628422061
234.55563997
234.470419716
234.358225293
234.257654108
234.164889756
234.063648401
233.977092007
233.910584733
233.829841567
233.732683724
233.676732723
233.593833359
233.461467693
233.337836659
233.263228912
233.209764354
233.131155806
233.052191875
232.973227945
232.902546062
232.818571602
232.7350688
232.643287507
232.556999979
232.481622353
232.377882933
232.29986794
232.23964689
232.130554847
232.011960377
231.917128898
231.824925275
231.716329562
231.592577231
231.473892963
231.350583677
231.21211426
231.088329803
230.95184298
230.827698581
230.735055436
230.625640039
230.496360367
230.383977605
230.293911171
230.171216134
230.03511124
229.928752765
229.818607911
229.740806655
229.640158203
229.516434228
229.418303311
229.339826703
229.236672401
229.103365333
228.996272554
228.881380963
228.760281414
228.639181865
228.538262277
228.408400721
228.283359138
228.20183623
228.108457826
228.007418448
227.940003493
227.903321215
227.841057192
227.756193122
227.666037422
227.575410064
227.478683003
227.413070671
227.371671828
227.300575506
227.237952368
227.181399348
227.106262427
227.046476775
227.026009057
226.986852435
226.95167864
226.891578399
226.831949814
226.798018987
226.756815263
226.711984094
226.644657575
226.603504026
226.550000033
226.472948859
226.424267501
226.401227243
226.367147477
226.319687154
226.295627774
226.26457373
226.219719842
226.174602067
226.106777615
226.073983258
226.066905306
226.041108866
225.980093593
225.924446035
225.89650857
225.86470275
225.835331582
225.787376208
225.755363854
225.676998043
225.59233278
225.540382789
225.478096852
225.373582219
225.272829312
225.168965883
225.03874068
224.932194438
224.844094884
224.757586185
224.671077485
224.5828581
224.490191726
224.381133262
224.276626484
224.173619066
224.064541529
223.959168282
223.854266693
223.739729556
223.621813927
223.483523381
223.393897599
223.277155006
223.126904267
222.988551442
222.835451377
222.67958284
222.513921845
222.33723292
222.174504419
221.995706849
221.819558183
221.647403921
221.467783642
221.283735023
221.12156068
220.954467691
220.782156404
220.607874099
220.408998142
220.187384619
219.982638399
219.826607843
219.663622536
219.475564766
219.274616303
219.095899302
218.935096338
218.760793029
218.586489719
218.416752588
218.203819964
217.992952513
217.884256723
217.75699797
217.567807378
217.36354375
217.136728115
216.925921336
216.733013503
216.523713579
216.329113708
216.141703152
215.95427001
215.759947204
215.566096056
215.387716271
215.208393171
215.028598414
214.874528084
214.748153197
214.622249968
214.44563747
214.314059377
214.211423252
214.080497122
213.945955126
213.82199199
213.715631703
213.651844498
213.565975246
213.500295729
213.436323342
213.360086081
213.303630455
213.269992419
213.236354384
213.171062944
213.079246444
213.012759601
212.959946734
212.931662143
212.897429926
212.833308787
212.792454004
212.770835868
212.740827431
212.660881036
212.578491967
212.526247643
212.503881106
212.491172703
212.512016226
212.504486419
212.447461666
212.430962575
212.438991762
212.465855712
212.484575454
212.440445395
212.403785215
212.460407329
212.517354862
212.558831032
212.573358839
212.586666266
212.608450695
212.619192101
212.641433096
212.682984068
212.698810613
212.685695191
212.644216433
212.658919357
212.66418169
212.611856669
212.590470556
212.616473098
212.641377896
212.641517939
212.594653003
212.570134001
212.538268771
212.502253738
212.46841749
212.41771394
212.380774623
212.343835306
212.338077737
212.348266366
212.334049622
212.336446067
212.327416255
212.302563212
212.286303448
212.248364362
212.213339608
212.211860723
212.242980835
212.266294114
212.235340652
212.179858914
212.140102652
212.121170377
212.106283208
212.063577692
211.995147749
211.9532171
211.921393655
211.894749187
211.899789047
211.909334356
211.853017391
211.773542323
211.710013833
211.680005066
211.652750205
211.621171702
211.585164858
211.542453421
211.486259802
211.416775885
211.357395615
211.309514933
211.237327075
211.156662213
211.106613755
211.068337466
211.012933542
210.964455157
210.899291845
210.844576553
210.798577243
210.729296181
210.676693683
210.64472999
210.610323623
210.542843045
210.475362466
210.430032866
210.369677794
210.296975738
210.216137495
210.127017206
210.04109334
209.970640838
209.907077999
209.838629811
209.747675263
209.649393561
209.541656618
209.457570014
209.394779053
209.282888751
209.117103807
208.987419257
208.893831544
208.802686506
208.699278064
208.559566335
208.445303609
208.36629388
208.252502812
208.127683812
208.028915037
207.913873887
207.792733034
207.68752718
207.576196948
207.454759513
207.313055719
207.172398701
207.05467555
206.956468605
206.864209549
206.774845751
206.699350884
206.605017697
206.473917503
206.348656682
206.219275196
206.112505071
206.026214561
205.925725881
205.843600309
205.724892911
205.56102199
205.397151068
205.21861032
205.033075211
204.837716278
204.659683187
204.526596077
204.399198924
204.269619427
204.143718077
204.004527707
203.858459252
203.702014831
203.562111347
203.403361522
203.24951525
203.068771515
202.84999124
202.673907696
202.549141639
202.409954509
202.244122225
202.089611501
201.934629119
201.794814891
201.657914994
201.499707918
201.349637029
201.173370056
200.997114661
200.795915184
200.59323337
200.397571987
200.19972826
200.000093823
199.800010317
199.604845456
199.359167561
199.106517424
198.881439123
198.641523567
198.390113519
198.164580235
197.95642051
197.742421411
197.540968709
197.334890989
197.111754872
196.897544521
196.674488584
196.476221254
196.292294512
196.084629453
195.91047254
195.758017535
195.608391996
195.452809055
195.282069498
195.09538692
194.8868043
194.652168277
194.410529938
194.199290459
194.00086962
193.794178313
193.618560499
193.434465683
193.29124389
193.185920799
193.060297653
192.921783813
192.793377177
192.681837844
192.54906826
192.388665512
192.251188609
192.130107351
191.981309985
191.830721909
191.73487359
191.62890649
191.548209268
191.468994384
191.372651866
191.280462707
191.185501636
191.099133844
191.018100469
190.971394784
190.937282907
190.859398242
190.755481365
190.673864184
190.609882697
190.541476161
190.463672199
190.371614713
190.261570881
190.163573378
190.086794853
190.010820779
189.912029115
189.795069299
189.707537757
189.637920253
189.542273641
189.431942069
189.301866584
189.156038213
188.998328735
188.864701641
188.768865375
188.666480639
188.540398113
188.407441016
188.274483918
188.120706391
187.978043192
187.814613444
187.67169645
187.544722477
187.3894585
187.215610317
187.061650744
186.915157188
186.76461497
186.585782748
186.39821941
186.247886143
186.107614056
185.945223796
185.783305193
185.629668636
185.47603208
185.306452504
185.151108818
185.027298706
184.910815748
184.776733498
184.629886604
184.466970429
184.336799111
184.24749726
184.110254611
183.946366809
183.791738594
183.605145489
183.410126653
183.263428566
183.121435879
182.945065062
182.766849277
182.615302763
182.497867421
182.348242829
182.139834733
181.953335079
181.815858713
181.709872023
181.606229367
181.531715243
181.44939073
181.364385706
181.28659932
181.202111866
181.13278103
181.05854664
181.00070434
180.955029464
180.914646218
180.853888055
180.762501912
180.696020653
180.623595323
180.543831261
180.471874032
180.432070287
180.422422866
180.4041676
180.381762531
180.318499573
180.245578481
180.204773151
180.156621593
180.108470035
180.091522813
180.040631396
179.972876232
179.896415718
179.805075592
179.76319821
179.692018919
179.62265501
179.571673335
179.469851868
179.373454773
179.351301968
179.359850529
179.358581807
179.308531993
179.227861216
179.154184799
179.099002331
179.05128974
178.985083202
178.942933283
178.961361135
179.003193485
178.971328411
178.927612876
178.909633345
178.868267365
178.845739705
178.816612454
178.793606024
178.786534592
178.756840526
178.698530289
178.659928355
178.627016378
178.604552421
178.581972188
178.577034191
178.567979085
178.573345052
178.568132158
178.557178498
178.531988947
178.486160592
178.442774912
178.405343075
178.400970315
178.374105762
178.312211115
178.25964529
178.190854923
178.100975446
178.023788775
177.929268239
177.854372427
177.794827883
177.704655359
177.651583557
177.606539688
177.52155054
177.503778182
177.488977971
177.399599649
177.321353935
177.263793908
177.209995609
177.155725652
177.130822059
177.061819881
177.005698622
177.007877675
177.009778192
176.995203037
176.952026805
176.940414371
176.958142232
176.963542939
176.971571503
176.984043499
176.973252391
176.983756927
176.983682601
177.00363882
177.065960351
177.108573578
177.145485271
177.16602251
177.186676023
177.217194416
177.226120583
177.237017768
177.246979133
177.262235751
177.269831395
177.284773268
177.28227276
177.274290066
177.265364057
177.282162475
177.334474222
177.362652396
177.40752677
177.431257988
177.443286216
177.469807307
177.491335461
177.512863615
177.534391769
177.554999196
177.600982139
177.704062648
177.803917594
177.897347039
177.982666442
178.094485137
178.209960863
178.330510675
178.489034696
178.630902739
178.800600551
178.929888975
179.011905019
179.103531937
179.191454564
179.274458546
179.376768949
179.47003349
179.549533797
179.643269995
179.72153483
179.789423699
179.884421357
179.981861689
180.070499221
180.165552481
180.222062673
180.270774053
180.302594277
180.375733038
180.448539005
180.522011584
180.589084807
180.656622191
180.702562364
180.774998275
180.835169312
180.910811712
180.985982454
181.061153197
181.136323939
181.178424027
181.241731779
181.302596856
181.388461867
181.496274485
181.606928104
181.695430746
181.766788117
181.86141215
181.954985892
182.040760822
182.085047389
182.135792151
182.205375233
182.269304125
182.306733723
182.304543893
182.346746277
182.374712771
182.386736244
182.404921331
182.443760314
182.475237977
182.500297634
182.528271623
182.558688286
182.537184438
182.497755501
182.472090798
182.471403441
182.496165088
182.548166448
182.553449388
182.564422284
182.578508024
182.563568215
182.593125318
182.620711403
182.610918001
182.54358152
182.468779022
182.410748776
182.357146871
182.297591121
182.245845761
182.175265637
182.111560084
182.014334807
181.950617676
181.869117612
181.769691933
181.679663678
181.609815385
181.528039593
181.449155545
181.367963105
181.287691391
181.221673204
181.177718931
181.108055323
181.036658442
180.917505945
180.796508481
180.697082084
180.595684669
180.500252676
180.353354721
180.23713549
180.104973239
179.970839971
179.855425191
179.729419973
179.595604365
179.471592751
179.355379949
179.239957106
179.126074415
179.035473477
178.937982877
178.815239507
178.684174767
178.532517125
178.377375722
178.221418289
178.057316648
177.878530046
177.705697288
177.537938618
177.357466004
177.209602
177.06969207
176.925548756
176.735767274
176.545985793
176.354831
176.207774793
176.049690655
175.881840203
175.747509475
175.602016534
175.4951531
175.390953967
175.260346049
175.10805881
174.961754999
174.85023253
174.737789333
174.630379253
174.520493202
174.385313589
174.245686987
174.109764675
173.990049272
173.875252514
173.74240388
173.584889131
173.441099629
173.344600142
173.266413019
173.165730545
173.047709111
172.911440845
172.765583058
172.610530772
172.442920586
172.271363269
172.118713024
171.964728856
171.813187361
171.680035117
171.549789709
171.41928397
171.283922131
171.135629375
170.976696808
170.818247475
170.682293492
170.543896835
170.394472247
170.245968386
170.108638316
169.973624871
169.844815827
169.767944403
169.677308745
169.603053599
169.507068389
169.43069281
169.386916229
169.328454687
169.24778505
169.138930107
169.068154069
168.987744238
168.894964835
168.848643587
168.835402607
168.823952337
168.81446331
168.803123056
168.859430099
168.91951396
168.982830455
169.044175933
169.054380676
169.061831513
169.071127317
169.074968344
169.082513661
169.067226295
169.059277661
169.060385941
169.074786798
169.108895958
169.155091361
169.19752148
169.230173482
169.256910323
169.30067818
169.346978665
169.396591808
169.472726832
169.515602463
169.513176731
169.529148271
169.539049692
169.527183812
169.507507542
169.49761268
169.481618113
169.47847863
169.497773505
169.534050154
169.587056269
169.630871187
169.68017987
169.721355922
169.769855615
169.802883945
169.8248879
169.861576816
169.898127893
169.937570714
169.956166962
169.976880086
170.005979954
170.001455401
169.927676855
169.885178253
169.813085244
169.720791157
169.607869843
169.491991254
169.336770078
169.181548902
169.068192781
168.982861079
168.909974558
168.837088038
168.764201517
168.705565979
168.640512435
168.578822292
168.495557527
168.430206798
168.362885053
168.309443816
168.286906361
168.189339669
168.109766141
168.023506625
167.947434797
167.867187022
167.805038466
167.77271991
167.737947102
167.711215431
167.726628962
167.735167923
167.746149558
167.763230897
167.774346814
167.764286434
167.761115717
167.739244518
167.723650184
167.69417534
167.686851474
167.683231899
167.682073647
167.662526143
167.635171807
167.601391969
167.563949077
167.516874195
167.494327589
167.469602197
167.439037432
167.406973307
167.348713098
167.3199426
167.293216606
167.232046647
167.185792394
167.175648096
167.150818837
167.132789287
167.068331418
167.005181024
166.94203063
166.887150705
166.825381117
166.77097285
166.722982588
166.690935346
166.643416741
166.6061512
166.561075269
166.490550335
166.478830096
166.407090838
166.37990275
166.338293589
166.299127102
166.259162635
166.242940001
166.239738901
166.257836959
166.283724216
166.320190334
166.387272855
166.462625845
166.548557696
166.632782417
166.692199882
166.757571192
166.798740021
166.862059829
166.902779589
166.916528399
166.920452023
166.939923897
166.958932136
166.979740858
167.009142859
167.057125509
167.10510816
167.183569375
167.260508642
167.331620115
167.40067699
167.467378254
167.528601323
167.577943283
167.633229313
167.703200304
167.791513285
167.863147701
167.922558036
167.988854519
168.05562266
168.097728242
168.181624017
168.281744335
168.377516337
168.45970093
168.498008037
168.542286623
168.590326936
168.64894611
168.707565285
168.803215353
168.860174741
168.9123649
168.964555059
169.02226157
169.056226249
169.080083724
169.088469836
169.075578509
169.056540218
168.990678617
168.916546546
168.822767165
168.731615641
168.628968084
168.512567872
168.42478383
168.336999789
168.263469273
168.187047013
168.19147827
168.189139655
168.190643168
168.214689293
168.257558603
168.297778706
168.309708805
168.311086186
168.323383245
168.357359624
168.396631256
168.440563334
168.510043954
168.618042814
168.707547726
168.775942176
168.861054514
168.957510998
169.121006931
169.26692616
169.414344749
169.580598102
169.689589898
169.797828515
169.897122871
170.00431468
170.196274632
170.391689962
170.588772029
170.767360146
170.940493486
171.101782865
171.264597748
171.446866821
171.634975267
171.817129869
172.00033476
172.158539718
172.316744676
172.495479992
172.63332465
172.791896536
172.973423851
173.177232624
173.394805631
173.619736401
173.837781023
174.062125097
174.303614441
174.507583598
174.673125963
174.769885992
174.867396215
174.977928057
175.082161986
175.173631271
175.255039377
175.365157344
175.446888569
175.538385805
175.616451601
175.67660336
175.741324854
175.800323587
175.81306398
175.796438008
175.80594584
175.800442915
175.797831734
175.755873034
175.733817437
175.715744667
175.702590542
175.704907781
175.681028935
175.653000286
175.620086288
175.560231049
175.465224526
175.357926547
175.268372515
175.180819906
175.100870499
175.003434932
174.882837707
174.745032668
174.628895676
174.516151826
174.417016575
174.324755896
174.166176746
174.047226638
173.915359692
173.786261743
173.652796373
173.522222747
173.401756325
173.295503206
173.181451276
173.057915049
172.957173826
172.897751139
172.834820838
172.798788002
172.746351497
172.692548375
172.638628977
172.598293505
172.591057901
172.600415822
172.582811192
172.556487023
172.530162854
172.486312724
172.470052814
172.481212926
172.525443692
172.551937171
172.583645353
172.592535943
172.632978756
172.66698907
172.695517197
172.739029938
172.768673748
172.82291121
172.917408643
172.98692873
173.040056727
173.11347606
173.163895691
173.208143492
173.266097711
173.296740426
173.333829833
173.375691648
173.385632352
173.356737152
173.37005163
173.380032259
173.383138318
173.42803457
173.446702129
173.497848591
173.524191353
173.540920255
173.565677091
173.576669693
173.565671744
173.527556983
173.51099198
173.513736955
173.502612998
173.503278702
173.524319322
173.557153159
173.584652577
173.599772651
173.603099508
173.562799436
173.514363178
173.477879092
173.452108149
173.436578692
173.438126126
173.445008134
173.443308442
173.467333177
173.477488981
173.484864736
173.522052442
173.517569144
173.502644824
173.490953137
173.426287536
173.380409511
173.318219882
173.231713301
173.194972675
173.14389146
173.074121342
173.055893239
173.075326642
173.092305794
173.108440884
173.158247994
173.20165219
173.291398266
173.403910661
173.485241307
173.57301509
173.638637895
173.676369022
173.713772112
173.694389122
173.674085405
173.634453579
173.592379079
173.563018522
173.537401686
173.543794162
173.536922484
173.509241469
173.488435024
173.443611282
173.355928851
173.254148368
173.138051814
173.042249692
172.92760925
172.806683922
172.707659015
172.605401474
172.497322767
172.387722111
172.261914548
172.111790035
171.967804547
171.803013278
171.643694422
171.470151253
171.290085381
171.125966085
170.981018929
170.855185073
170.759979198
170.632883725
170.514250607
170.390702357
170.222345965
170.070772835
169.902807615
169.720973464
169.497820777
169.295159281
169.108238134
168.898564644
168.703148203
168.451722201
168.19422608
167.989076425
167.785909366
167.607614495
167.456290575
167.343809376
167.275825089
167.221605035
167.218884209
167.199415911
167.173355062
167.180049179
167.17806648
167.17363755
167.164185277
167.169537754
167.178571934
167.200634803
167.244312485
167.280995502
167.281463654
167.298799109
167.332526655
167.319419312
167.311676128
167.307311437
167.291918815
167.253968934
167.219835037
167.190984815
167.165486417
167.154683988
167.127844852
167.092057056
167.048462426
167.003475413
166.925091947
166.844737465
166.790882276
166.735899909
166.689774708
166.647393228
166.592461869
166.567791531
166.543121193
166.502504279
166.440487023
166.362526747
166.275499784
166.170570319
166.122454867
166.062441502
165.935396709
165.828048641
165.717979363
165.579620082
165.429566256
165.334530532
165.230753918
165.036653486
164.842397793
164.660518518
164.471372637
164.290903573
164.113801467
163.951500554
163.781860908
163.633818474
163.470304676
163.295762947
163.130723646
163.003973298
162.852548814
162.70112433
162.590569312
162.478632963
162.352011653
162.261221973
162.187153738
162.126711897
162.08226382
162.021734884
161.935021443
161.819304247
161.695839512
161.607601631
161.493175687
161.382562592
161.266005427
161.149919919
161.054194679
160.966605626
160.930322481
160.901692288
160.875903096
160.844043784
160.804864388
160.761238004
160.742520017
160.729755874
160.712946625
160.684355738
160.641938337
160.615126624
160.593280744
160.577860365
160.583069016
160.591390512
160.530929671
160.457784514
160.444481054
160.439603325
160.42894173
160.409539244
160.37650213
160.346218922
160.308128881
160.263739387
160.214880318
160.171849043
160.128346111
160.091732842
160.042068297
160.016157161
159.982447213
159.932218915
159.872053947
159.824131264
159.744058653
159.671321218
159.575751101
159.46947885
159.371016988
159.298279553
159.277479738
159.273376123
159.243823504
159.224512371
159.209996233
159.178468737
159.14694124
159.089689316
159.022330188
158.922383641
158.824891345
158.726529067
158.634236907
158.565211408
158.493743235
158.415280702
158.336818168
158.283027967
158.235191611
158.219033524
158.201483054
158.163126803
158.116374034
158.112984305
158.109594576
158.139275502
158.18811699
158.242912321
158.303535448
158.366129591
158.434351781
158.533662031
158.613351072
158.675122519
158.765067695
158.857039773
158.968908483
159.061938873
159.143176046
159.229791944
159.296032925
159.322800339
159.361008501
159.432590528
159.50661523
159.634337812
159.762532052
159.879252848
160.016131017
160.161486189
160.303459311
160.468699094
160.62488552
160.784465087
160.944516312
161.157532859
161.404873277
161.665032336
161.925191396
162.167432861
162.409674327
162.685423939
162.954774195
163.232394919
163.490394434
163.756192762
164.021991089
164.29374326
164.560013245
164.82091907
165.075871052
165.328852016
165.606266207
165.897444631
166.139052057
166.400367786
166.626170187
166.851392676
167.062734656
167.269157991
167.481535169
167.667909385
167.831937666
167.989866244
168.199232139
168.357298556
168.46912779
168.551079237
168.640369417
168.745109843
168.822741479
168.923639776
169.075380084
169.22439918
169.356442457
169.499405411
169.601166104
169.696501296
169.810671252
169.938341397
170.071403471
170.200037205
170.282586687
170.36590748
170.414653383
170.457299582
170.456758309
170.446819612
170.390991618
170.362583645
170.385163921
170.408215854
170.380892337
170.353177186
170.345083245
170.331936376
170.286316558
170.251140941
170.221866976
170.210038948
170.189339187
170.160057726
170.117747577
170.039210985
169.943191221
169.904373719
169.862072456
169.822213867
169.756750641
169.707610598
169.66351525
169.619419902
169.598142145
169.576864388
169.561686334
169.512988557
169.479480091
169.503233182
169.500511652
169.511260728
169.504852428
169.519253465
169.535625519
169.560325858
169.555711211
169.541573091
169.517436021
169.485257814
169.459505109
169.428062447
169.346547545
169.258053374
169.169087547
169.102467653
169.03631192
169.007948619
168.983242347
168.942147542
168.901052737
168.928730654
168.92898855
168.896175792
168.863800525
168.822843559
168.790859925
168.717484268
168.65786307
168.622916009
168.577524747
168.538192027
168.489077899
168.45096703
168.432465791
168.444109298
168.469517039
168.498643719
168.473068625
168.4169284
168.354688471
168.352434866
168.351721414
168.334475256
168.297039364
168.275074835
168.252166991
168.241052364
168.22796672
168.228645309
168.207553084
168.208663108
168.214676686
168.226380221
168.238555412
168.248759587
168.213086044
168.163394153
168.123809466
168.100315412
168.111872643
168.119276514
168.117685381
168.126347311
168.13869844
168.178941247
168.219184054
168.239353068
168.228789404
168.196546419
168.147752459
168.103778472
168.015625415
167.951210676
167.898295525
167.847849718
167.806460824
167.769500271
167.773156874
167.76889839
167.785014823
167.793332444
167.788164368
167.783142152
167.787180364
167.787065216
167.770305669
167.7347078
167.712580537
167.702293373
167.729164389
167.754328275
167.731748123
167.698759644
167.703466836
167.724380937
167.742170658
167.752966018
167.749997146
167.74899929
167.721497208
167.684471652
167.636163523
167.594879339
167.567359388
167.551632654
167.550141811
167.566687751
167.626567023
167.675418365
167.723201367
167.732880758
167.754849696
167.793474611
167.835151853
167.866250233
167.858900663
167.843414905
167.857791842
167.892612627
167.941302344
168.014653079
168.09957593
168.192975785
168.248873087
168.29374246
168.34946923
168.41988096
168.481239333
168.515480895
168.57026435
168.605144546
168.647351897
168.704440885
168.753247826
168.773881039
168.768329703
168.764749385
168.780007386
168.7837658
168.787052557
168.782993085
168.794101767
168.807181466
168.827158323
168.820490027
168.811379056
168.762029424
168.705460849
168.637362945
168.57707543
168.540849468
168.535251486
168.527222103
168.505294204
168.475081503
168.448344275
168.407254881
168.363270187
168.326279853
168.30031745
168.241548279
168.18827411
168.126863753
168.065189509
167.982548901
167.90037995
167.82065723
167.765462787
167.680854719
167.624924731
167.590674064
167.556895053
167.504281279
167.404395125
167.326750207
167.228925328
167.127384581
167.027550963
166.87627397
166.719025499
166.564223258
166.426076995
166.288286114
166.124310684
165.939960338
165.775064181
165.626586259
165.470309524
165.308204995
165.13184694
164.956072615
164.765410657
164.575813109
164.382533859
164.188199222
163.993976657
163.808361936
163.633299933
163.477547907
163.335296228
163.174981094
162.965193603
162.751157331
162.570180441
162.430565865
162.282254318
162.119935697
161.92710537
161.759067208
161.584034685
161.431044886
161.294918835
161.131350175
160.919116751
160.693807755
160.48887012
160.316048248
160.128541415
159.924642492
159.725368586
159.514595093
159.289952668
159.065310244
158.82934626
158.647544319
158.472736738
158.316716734
158.149705051
157.980250693
157.86074035
157.732965595
157.60103748
157.45198173
157.302570599
157.132614017
157.016103007
156.897119582
156.789609602
156.689898432
156.619753376
156.563861845
156.491443564
156.415998878
156.350046056
156.304638684
156.259815041
156.200171778
156.132392328
156.06724429
155.999178365
155.931584097
155.873771235
155.875534379
155.86674125
155.826653526
155.748095232
155.681036526
155.591438765
155.531997328
155.452366156
155.406254708
155.327544263
155.267672138
155.20170031
155.169708285
155.148613045
155.116989761
155.058143216
155.006620312
154.957068425
154.929862471
154.894991988
154.860593162
154.844111929
154.864212521
154.855077517
154.824045648
154.791963489
154.759443838
154.722372502
154.645909867
154.583683123
154.514581809
154.479152513
154.421732666
154.40276077
154.340465156
154.298810412
154.236676054
154.225536001
154.194582642
154.167862668
154.165000801
154.146664015
154.110881292
154.07294237
154.030853645
154.00300081
153.976068703
153.971505116
153.964762743
153.957548713
153.95938804
153.962148094
153.963964834
154.011289166
154.055721754
154.078003364
154.087466333
154.106577967
154.135105519
154.15245928
154.181239298
154.192888125
154.251371841
154.310776283
154.343535571
154.380423547
154.404136974
154.477301567
154.509952076
154.556471516
154.595184123
154.653799989
154.702975265
154.733761289
154.760248094
154.774322079
154.790367081
154.817574297
154.873455193
154.992849382
155.112243571
155.223827371
155.27892156
155.372870048
155.470475566
155.578334148
155.668945001
155.771453768
155.846706547
155.920005332
155.989070732
156.012076303
156.005727088
155.980663203
155.963503131
155.979036538
155.9916782
156.000507392
156.008093616
156.010197653
156.022554754
156.026330154
156.013713466
156.001096777
155.922477945
155.877378839
155.846160241
155.867890691
155.900152438
155.948153834
155.962781366
155.984345748
155.98951804
155.980926098
155.985626733
156.017444178
156.061339845
156.115488576
156.177919353
156.255626537
156.278146254
156.300665971
156.285665502
156.268679368
156.233011367
156.21556279
156.221105893
156.224000093
156.210571109
156.179167096
156.105237188
156.028415535
155.958008375
155.916108761
155.857817058
155.778770275
155.702166166
155.607158158
155.485504996
155.333688015
155.197814054
155.08686654
155.007189196
154.97675525
154.966535333
154.937408346
154.885691528
154.837338111
154.766152011
154.686105232
154.609569622
154.538723968
154.46205052
154.388864123
154.31112604
154.280085219
154.214940943
154.157711755
154.077396212
153.979438434
153.870560979
153.768047451
153.64669916
153.548461559
153.466817483
153.377729978
153.297068203
153.202145864
153.111995932
152.98727089
152.893278525
152.818004649
152.720130726
152.638930414
152.555287428
152.503815562
152.446900495
152.367113579
152.238509604
152.138575795
152.041429033
151.973502776
151.904314903
151.850272069
151.801575231
151.752878393
151.724120606
151.695362818
151.709130925
151.749544186
151.754592755
151.737102269
151.700375292
151.684421403
151.668678839
151.652936275
151.633961079
151.609032038
151.581188665
151.601415654
151.598939522
151.595336435
151.587688242
151.593674676
151.577339296
151.560073414
151.551215629
151.553194637
151.565164574
151.568346359
151.558883216
151.549420073
151.524246017
151.508469386
151.484267024
151.45127797
151.406582794
151.353461888
151.304494342
151.248311714
151.184914005
151.114050277
151.071740441
151.05250231
151.05212153
151.031299998
150.992089216
150.966275707
150.96684166
151.011983913
151.034526118
151.050576987
151.064671931
151.082448577
151.092878995
151.089830787
151.087231649
151.068320905
151.046967488
151.003463092
150.961929713
150.943348207
150.929863376
150.888342654
150.833859236
150.776721818
150.725895429
150.67829816
150.622902078
150.564120876
150.476923621
150.420228297
150.352417643
150.245289055
150.132796307
150.066258691
150.005674919
149.924429754
149.816988506
149.715383074
149.59771135
149.51606749
149.431980956
149.353595956
149.259718759
149.159746791
149.085640009
149.033995436
148.985583497
148.945307744
148.916825208
148.888791741
148.860758274
148.826770964
148.791840339
148.705464942
148.619257093
148.505558934
148.340676011
148.171585469
148.019647164
147.877971432
147.739749055
147.590875288
147.438711451
147.286119683
147.135970588
146.982723521
146.829270225
146.664897252
146.500524279
146.339203632
146.206836531
146.073997772
145.950686307
145.816323797
145.682432945
145.550704246
145.426666106
145.315450121
145.215889725
145.125048352
145.023355841
144.920401713
144.852666418
144.789954467
144.730532585
144.64876477
144.570979781
144.486986835
144.387050869
144.310530937
144.204513339
144.090685352
143.98061107
143.866052699
143.757589099
143.637799414
143.522058391
143.388411353
143.244837417
143.07521674
142.901577362
142.735153067
142.584953314
142.411958558
142.234349794
142.007286308
141.813313133
141.677487717
141.561164375
141.427703889
141.290406331
141.135419527
140.98419445
140.839173774
140.667632667
140.49609156
140.294128701
140.099243086
139.915748805
139.735633017
139.557383548
139.368547197
139.185400802
139.001308814
138.827803709
138.656269622
138.488055566
138.30647916
138.087280412
137.839653823
137.591821004
137.349011529
137.133941846
136.863800972
136.594671082
136.289072214
136.030493417
135.774357293
135.554241079
135.365661994
135.163300669
134.956851819
134.750537252
134.562941173
134.396031159
134.220539445
134.022701798
133.795628554
133.609727986
133.415510924
133.249047734
133.035159869
132.82793743
132.590621518
132.417890803
132.263124869
132.1654565
132.030060788
131.868863762
131.684711306
131.538061402
131.399670957
131.291908492
131.216733448
131.131305339
131.073297251
130.968016783
130.899463999
130.818684064
130.768048873
130.716684093
130.659013381
130.596790982
130.534706421
130.482232734
130.3973225
130.311024979
130.210963224
130.149221198
130.10484322
130.079303563
130.060486061
130.043143411
130.002979613
130.010088195
129.984637389
129.957778803
129.872574061
129.80620764
129.720000808
129.628122034
129.55118855
129.483826139
129.407744188
129.332133895
129.230024308
129.143386084
129.05674786
128.996605373
128.912406267
128.840285382
128.761089652
128.732888227
128.713152227
128.704842484
128.653243187
128.588764775
128.527844719
128.494500318
128.503421324
128.505467759
128.480118847
128.442055991
128.394026547
128.297938319
128.209660482
128.121382644
128.102723121
128.080406568
128.038772016
127.964550044
127.879880357
127.805546617
127.720289643
127.637003687
127.561575381
127.532347856
127.480190667
127.427561821
127.32482003
127.227060124
127.115144352
127.00829964
126.932579075
126.882571401
126.83209207
126.779970698
126.736131677
126.718165863
126.692981411
126.676417341
126.633988085
126.601394102
126.549110645
126.482950236
126.344811108
126.229029492
126.136986194
126.082979437
126.007489012
125.893853845
125.736929126
125.577235934
125.425349576
125.285097088
125.146838205
125.001968639
124.887243818
124.775099666
124.669685986
124.543287895
124.423764374
124.311115424
124.182731223
124.049892539
123.932996874
123.823462529
123.707038522
123.56871765
123.429925122
123.309667704
123.199191692
123.094543476
122.954049136
122.836375943
122.680275958
122.539177097
122.383842345
122.2556735
122.141845243
122.06196118
121.963786508
121.883529429
121.761074492
121.602293271
121.425065362
121.265610127
121.149180336
121.039744906
120.938108287
120.822521027
120.649869942
120.485133945
120.31068733
120.186460196
120.080158676
120.023528926
119.964246413
119.878040209
119.760687127
119.661139566
119.604655393
119.563765329
119.519218235
119.466864308
119.370277514
119.281950179
119.202204544
119.12152309
119.041313293
118.95892471
118.907635764
118.858317836
118.762140346
118.631062325
118.49604227
118.37217024
118.251848546
118.088041064
117.929749935
117.802558443
117.721049373
117.63063217
117.522564775
117.439423827
117.346516564
117.284237281
117.178326138
117.05816147
116.937330189
116.812611131
116.68310286
116.574223175
116.487477663
116.420779031
116.357807686
116.287570137
116.199582502
116.096264867
115.986072661
115.873909438
115.764077174
115.718057256
115.639333643
115.558981811
115.439790518
115.35005871
115.273442654
115.192593213
115.105147738
115.008841583
114.91206377
114.809895655
114.70892369
114.607951725
114.45970738
114.313152529
114.156254661
114.008058697
113.868804818
113.724167654
113.58704059
113.412689512
113.237802301
113.099667448
113.010197359
112.914887897
112.807958754
112.690117954
112.630013925
112.563944474
112.467247043
112.33344889
112.18191016
112.050464296
111.89204748
111.730422705
111.56879793
111.427671262
111.286128292
111.132633151
110.986284489
110.839270263
110.69907338
110.521785119
110.318892221
110.127027254
109.968536152
109.816593823
109.662680477
109.483042704
109.30523811
109.124200883
108.942048277
108.786358714
108.632564347
108.479816755
108.312399337
108.151730441
107.997810067
107.839906865
107.675838494
107.511770123
107.351800854
107.229178502
107.100728356
107.01955059
106.934117752
106.836416307
106.710391748
106.578803598
106.43817766
106.304749169
106.175474039
106.058999914
105.94252579
105.798159988
105.642294598
105.460704781
105.295507054
105.137632967
104.98146601
104.825299052
104.668660438
104.52060708
104.375311184
104.242732713
104.102000421
103.961151853
103.819276848
103.69987048
103.561617771
103.38131098
103.18092287
103.004708026
102.872765372
102.746922422
102.607159797
102.451940901
102.306565322
102.140814826
102.007663327
101.874649667
101.734615577
101.574930997
101.394262005
101.240991875
101.098572883
100.926838906
100.742282774
100.546875504
100.358342805
100.184820864
100.011298922
99.8435623572
99.6442886626
99.4655277232
99.2847957667
99.1474988539
99.0300265202
98.9240392082
98.8099157093
98.7102132831
98.610155475
98.5239781758
98.415766174
98.2933006468
98.1934827325
98.1306861602
98.0915955443
98.0413569036
97.9836483845
97.9078406463
97.832032908
97.7149066335
97.6189530998
97.4968150176
97.4140956416
97.3308401332
97.2643970997
97.16573576
97.0625082417
96.985925877
96.9521875524
96.9421946162
96.8952572254
96.7961872592
96.7103014228
96.5947083327
96.4766539199
96.3532353482
96.2836998399
96.1977722417
96.1123163008
96.0436047604
95.9777846594
95.9440931769
95.8553622832
95.7717232715
95.7045806034
95.6527027646
95.5766375385
95.4670641657
95.303343842
95.1481005208
94.9527117002
94.7655213456
94.5465007614
94.2963709261
94.0482970698
93.7804102122
93.5543315608
93.3089690758
93.0242590716
92.7283897692
92.4333249184
92.1538657126
91.8950855334
91.6415494191
91.3788836405
91.1324722231
90.8665808499
90.6072386283
90.3618458223
90.1155438672
89.9081911052
89.675665141
89.4129462336
89.1250621452
88.8542986739
88.621253924
88.407043938
88.1749163585
87.9502547966
87.7032473009
87.4606681453
87.2260040769
86.9806494528
86.746218062
86.5582661776
86.3599144744
86.1509839102
85.9066037877
85.680946714
85.4409374742
85.197277898
84.9474103641
84.6830170598
84.4430351863
84.1978416412
83.9801401197
83.7431401983
83.55157555
83.4097435908
83.2877639912
83.1348451799
83.0074951617
82.9099751438
82.8484387155
82.8180115382
82.706247215
82.6020574678
82.4151724131
82.2737346024
82.173615328
82.1034472244
82.0176945717
81.9241350858
81.8319193051
81.7336087529
81.628657912
81.5000737553
81.3951229144
81.2566995363
81.1162904923
80.9588730037
80.8042965154
80.6904728463
80.6521434836
80.5958965272
80.5515545027
80.4687405772
80.3888219519
80.3162269671
80.2545516592
80.1973046914
80.1172401326
80.043601075
80.0305869749
80.0233282065
80.0435074655
80.0687223842
80.1098803231
80.1632327373
80.2162252096
80.2830981908
80.3370229676
80.4198685957
80.5181855867
80.6214061314
80.7192514652
80.7762273323
80.8748591109
80.9523477012
80.9800920247
81.0330740258
81.1036146822
81.1846753612
81.2505794226
81.265046166
81.2814839264
81.3416828973
81.4090969502
81.5370338794
81.6474152423
81.781534923
81.8940101528
82.0037279418
82.1357916646
82.2515044808
82.3713410515
82.49530633
82.6351603702
82.7660368426
82.9124682587
83.0327116121
83.1708725592
83.3021589354
83.3872377142
83.4275083503
83.4820395503
83.5485309436
83.6055048179
83.6853113751
83.7705082352
83.8508197469
83.9311312586
84.0238123416
84.1077512983
84.1571074267
84.2093850398
84.2345800074
84.2830567276
84.3151187704
84.340584779
84.3640797705
84.3875747621
84.3988310239
84.3765414173
84.3735582319
84.3620980439
84.3919789797
84.4563264686
84.471345495
84.4883914233
84.5360653321
84.6023136737
84.6624376383
84.714762791
84.7624629265
84.8312624716
84.9005336738
84.9706597673
85.012495857
85.0677588051
85.1037529589
85.0952290629
85.067499866
85.0308219882
84.983638276
84.9064931962
84.842230789
84.7788926228
84.7127201495
84.6718522458
84.6127917683
84.5581516097
84.4998071606
84.4419117812
84.4037247054
84.4109552682
84.4071579001
84.3808687384
84.318279803
84.2650257473
84.2308879778
84.1558298418
84.0969962482
84.0262647406
83.9604252089
83.9020516948
83.8402850388
83.7642824919
83.6581236218
83.5524364088
83.4834899757
83.4251224037
83.3809907225
83.3368590413
83.2965659748
83.2072592334
83.1423725147
83.0451980296
82.9421957496
82.8648883119
82.776603687
82.6809577421
82.5550507762
82.4357434011
82.3387819597
82.2758003221
82.2189541135
82.1775828244
82.1319897286
82.1109823463
82.0626058433
82.0619800232
82.0743351233
82.0902425763
82.1077278088
82.1158156164
82.1644175086
82.212627768
82.2680971925
82.3170178435
82.3373223238
82.3799727379
82.4517109798
82.5354239812
82.6246417569
82.7216583445
82.811944045
82.9340599752
83.0189518905
83.1308263346
83.2127120027
83.2880312628
83.4145088612
83.5267329342
83.6156903466
83.7552986323
83.8864299154
84.040264318
84.1976683508
84.3343390993
84.4857995057
84.5801659031
84.6683817794
84.7364079211
84.8267799964
84.9326234347
85.0544098931
85.1671429942
85.2631617646
85.3542951865
85.4359915738
85.529114218
85.6324899261
85.7492629081
85.8594362994
85.9303964536
85.9698194781
86.0224054735
86.0553878628
86.1481066835
86.2256914742
86.3094232295
86.3384770123
86.387227521
86.4401313897
86.526409123
86.6024337924
86.6760157876
86.7356992672
86.7782374774
86.8503125852
86.9252794368
87.0007179456
87.069607681
87.1302269473
87.1917669405
87.2678540555
87.3569273588
87.368658314
87.4223859962
87.4679774915
87.5293042374
87.5910800528
87.6308246799
87.6419531364
87.6625840198
87.6379135401
87.6438710409
87.6251544052
87.6250191171
87.6599188398
87.6690009737
87.6886796033
87.7039298929
87.7251340264
87.7601023935
87.8110137807
87.8430904039
87.8739673206
87.9070230239
87.9425214015
87.9804624533
88.0139565165
88.0494215968
88.0931571461
88.1557194381
88.220464073
88.285208708
88.3401835141
88.4116339907
88.4484858082
88.503704289
88.5547468222
88.6040937615
88.6276442711
88.6345211687
88.6112533207
88.5883298448
88.5634353519
88.5537748477
88.5306139976
88.4808079938
88.4397215288
88.4041172505
88.3716983445
88.3527797845
88.3268668642
88.2805790271
88.2528244968
88.2924821274
88.3315778424
88.3524907576
88.3357305884
88.3079424884
88.2620551692
88.2350061704
88.2217214052
88.196358419
88.149316112
88.1027454623
88.0180772581
87.9333432183
87.8734013429
87.8264488341
87.7464372483
87.6639829883
87.5841565844
87.4864161434
87.4015566225
87.317896808
87.2242478173
87.1241733255
87.0245704909
86.9159142989
86.8052870899
86.688832086
86.547710967
86.4008998916
86.2521177992
86.0974963342
85.9300562283
85.7354957551
85.5336081274
85.3154959572
85.1081076079
84.942037795
84.7929754127
84.6663968027
84.5431308502
84.4223075719
84.2891571408
84.1723987994
84.0913425254
83.9995956957
83.9103720247
83.780257696
83.6316196782
83.5071036552
83.3753725503
83.2019675272
83.032375353
82.8781347521
82.7224769014
82.5966817455
82.4691794602
82.3556265905
82.1979655219
82.0450065717
81.9295748462
81.8064563814
81.6997335628
81.5985096055
81.4942813631
81.3634702461
81.2434808309
81.1496643441
81.0255752586
80.8850940834
80.7465839252
80.6209172737
80.4699752651
80.3267058076
80.1903109208
80.0543651037
79.9323912897
79.8099458185
79.6850576731
79.5628009403
79.460447467
79.3723298844
79.2756306017
79.1830811226
79.1090551764
79.0595242417
79.0354090452
79.0005700278
78.9363399728
78.8722477563
78.8123088999
78.7788693372
78.7454297744
78.7352794599
78.7285076383
78.6831420055
78.6397473898
78.5800769596
78.5450726446
78.4846870316
78.3909492415
78.3024555164
78.2455647565
78.1776460657
78.1346538214
78.1310090964
78.0808572768
78.0336742029
77.9771405866
77.9831008635
77.9688876591
77.9113114139
77.8690864377
77.8018579711
77.7313129862
77.6578184425
77.597614197
77.5256524309
77.4625478305
77.4468434633
77.4534850298
77.4581555793
77.453965449
77.4681610131
77.5168231302
77.5838744981
77.647562465
77.7057554313
77.7619773806
77.7856003324
77.8451384956
77.9170038117
77.9557949167
77.9886321776
78.0177912922
78.01494162
77.9807259219
77.9610573457
77.9659170462
77.9722761065
77.9712738469
77.9583229296
77.9041913146
77.8495880424
77.7701961622
77.685243446
77.5973546788
77.5204938424
77.4512939794
77.3554569841
77.3088629505
77.3017601199
77.2955780162
77.2526435549
77.2170704135
77.1333041651
77.0408183781
77.0002074009
76.9514451447
76.9144761051
76.8568210003
76.8121945843
76.7815401713
76.6765986486
76.598203873
76.5296483189
76.4534060256
76.3885475708
76.3287632028
76.274814651
76.208623813
76.0968203808
75.9975668267
75.8774666988
75.7549238966
75.5845056897
75.3729032286
75.1780840301
74.9624408453
74.7859926923
74.6069131267
74.4034330296
74.1905401111
73.9846300173
73.8149347883
73.6685062199
73.5458159692
73.4571055224
73.3223108241
73.1632910589
73.0108426546
72.87356596
72.7220382826
72.5627002156
72.4058048228
72.250880447
72.1394569505
72.0318902318
71.9132955822
71.7948387712
71.7033232023
71.585607993
71.4450977803
71.3036668408
71.1673852937
71.0306169975
70.8880209064
70.7625524499
70.6436257699
70.5283561195
70.4071326252
70.3019701787
70.1992504065
70.0989733086
70.0725081068
70.0276323448
69.9866815949
69.9578494807
69.9171618709
69.8801197129
69.8242427909
69.7590486239
69.7249199292
69.6802123734
69.6677198335
69.6518421731
69.6553128743
69.6739144273
69.6920559008
69.7494070551
69.7837700853
69.8478813389
69.9560323396
70.0727685968
70.2013603497
70.3491538263
70.4568168954
70.5689083046
70.6763595623
70.8176563419
70.9865415894
71.1255888154
71.2572973089
71.4107077108
71.5907632663
71.7535710931
71.9045388208
72.0527310798
72.2069430184
72.3937539546
72.6031649383
72.8559389627
73.1075973045
73.3731245774
73.6717225051
73.9973209683
74.3353548383
74.6563989123
74.9767074413
75.3048443668
75.6440127373
75.9886858821
76.3269561134
76.6652263446
77.0030249187
77.347835902
77.6984746802
78.0380855275
78.3805916329
78.7289255332
79.0479010904
79.3843300796
79.7276336396
80.0769026213
80.4256999458
80.7491568251
81.0710801793
81.3948628353
81.7199067293
82.0330411315
82.3430546687
82.5947563171
82.8582396043
83.0822493231
83.2867541085
83.5091764874
83.734230279
83.9458018878
84.1607439683
84.377240765
84.5998549001
84.8215483085
85.0560603577
85.2822903601
85.4946514314
85.7207767362
85.9621787527
86.2484915232
86.4918328858
86.721018382
86.9156338635
87.0775420936
87.1862832887
87.3258474201
87.4570248072
87.5817766931
87.6511119905
87.7011373103
87.7932901987
87.8497410196
87.9189384785
87.9578749166
87.9945392135
88.03165258
88.0242182913
88.033008545
87.9346295243
87.8304227087
87.7381645508
87.633954221
87.5297554689
87.4419488067
87.3562983434
87.2770733813
87.1943372495
87.1002795583
87.0246075616
86.9582679018
86.8956325325
86.8558183105
86.8135614142
86.7635057061
86.7584693104
86.7183943893
86.6986254781
86.6825135966
86.6261381877
86.5034443086
86.4132736055
86.3213742098
86.2241619272
86.1282112607
86.0247945767
85.9212696388
85.8315089344
85.7388338986
85.6323946292
85.526427017
85.4148087707
85.3076188645
85.2326871401
85.1645464059
85.1109412157
85.1109521301
85.0849600813
85.0530141884
84.9670031214
84.8676359207
84.8348687124
84.7820915214
84.751156936
84.7019913498
84.6579541089
84.6234040911
84.5796770656
84.5688780132
84.5418544185
84.6068550584
84.678347035
84.7539416281
84.8418257681
84.9356637521
85.0634966741
85.2184499634
85.3633207219
85.4962312872
85.6404634118
85.7827245194
85.9409322035
86.1187248454
86.2796501839
86.4390761626
86.6089463422
86.7892645415
86.975838042
87.1380782216
87.310041928
87.4974619054
87.7069165853
87.9141940191
88.1158729909
88.30616865
88.4780574236
88.6321368576
88.7952732054
88.9859754336
89.1791203361
89.3722652385
89.5722998038
89.7449143484
89.9194999101
90.0660951213
90.2103130337
90.3337105162
90.4563331317
90.5826127768
90.7088924218
90.8703908994
91.0695624613
91.2041050478
91.3451754343
91.4858955358
91.6145444548
91.7784448312
91.950000268
92.1282900383
92.2896558167
92.4206169537
92.5524988175
92.6783384143
92.7991546678
92.9031151956
92.995282507
93.0664327113
93.0940820364
93.1111348656
93.1298948243
93.1432986453
93.1631053799
93.1630235039
93.1479344266
93.1516801133
93.1578684742
93.1695556543
93.1698515004
93.1931027759
93.2209790686
93.2577160411
93.3182099798
93.4179135992
93.4652305294
93.4821428182
93.5107467919
93.5472658529
93.6136627006
93.6991582
93.7401060442
93.7712250284
93.8051850129
93.8093214683
93.8244858546
93.8352365496
93.8603036198
93.8964283617
93.9383663322
93.9279347223
93.9294010265
93.923056941
93.8806240399
93.8743648633
93.9249393646
93.9774552774
94.0371862722
94.0818558079
94.1282289588
94.1611168557
94.1878657267
94.2105592741
94.2558586509
94.3452566134
94.4342055062
94.5402996683
94.655113369
94.7758809137
94.8770599443
94.9906628039
95.118519189
95.2541859636
95.3952088758
95.5550816441
95.7169254294
95.870958825
96.0061574567
96.1408844312
96.2596683855
96.3870566275
96.5144448696
96.6453442813
96.7649221338
96.8696036998
96.9441289426
97.0700975602
97.1988823511
97.3230577973
97.4532166721
97.5870209987
97.6958873011
97.7969467703
97.9000362876
97.9924859927
98.1159911849
98.2210024287
98.3620923465
98.4865690747
98.5975454569
98.7171296834
98.898140404
99.0694355535
99.2485410926
99.436626658
99.562829164
99.6031101643
99.6273514892
99.6676443927
99.7293769956
99.7675055629
99.8066693284
99.856385811
99.9347184643
99.9795313932
99.9842250071
100.021506041
100.049440617
100.085174005
100.103914041
100.100137609
100.096361178
100.088927717
100.076126541
100.066239696
100.032599442
100.017797507
99.9914959852
99.9607661229
99.9275935864
99.8919783756
99.8367309463
99.7961684774
99.7354162737
99.6739285252
99.5945267395
99.5141816395
99.4323371796
99.4189280667
99.4131617962
99.4106422792
99.4003239503
99.4140405535
99.4465919208
99.4534223754
99.4680516419
99.4760586475
99.4935026877
99.4842003909
99.4770804371
99.4699604833
99.4706393413
99.4426104923
99.4143703173
99.4228824999
99.4470476306
99.494951079
99.5854427012
99.6682617722
99.7251601826
99.7911305987
99.8610838417
99.9045377909
99.9153927426
99.9490652852
100.024528021
100.086980717
100.112417653
100.126677284
100.125339291
100.135040807
100.195117773
100.252540738
100.298935773
100.345330808
100.366937235
100.367737881
100.350636025
100.353615457
100.383369164
100.415565544
100.46444049
100.52528668
100.595186228
100.679793324
100.762693291
100.861536278
100.958668579
101.093473965
101.189143157
101.268587807
101.337773336
101.416135872
101.467695006
101.551853137
101.673513819
101.827773498
101.9802
102.130793322
102.274496982
102.44207208
102.57704818
102.700357112
102.831345067
102.956792375
103.028475965
103.103816585
103.181175676
103.249937975
103.318371297
103.365596957
103.403472074
103.463498169
103.558972217
103.678304373
103.792670696
103.932289789
104.087484942
104.279695855
104.45644694
104.635632679
104.801054184
104.943991916
105.100901652
105.272024691
105.452498272
105.675026091
105.913946
106.149487415
106.398909339
106.630033992
106.865586986
107.098697304
107.328893292
107.532908288
107.730497782
107.921197614
108.112369102
108.307693951
108.46928775
108.631141879
108.794517956
108.959278354
109.131557943
109.27674331
109.383501883
109.494997169
109.577597747
109.666014331
109.761182739
109.848989827
109.908626258
110.017253776
110.107982349
110.161219948
110.218498835
110.292789081
110.330326969
110.401548455
110.46223834
110.505680496
110.575230313
110.606635389
110.615889487
110.614223907
110.614424648
110.570128476
110.501043697
110.424964558
110.314326981
110.214257256
110.111752878
110.006316534
109.884183991
109.746108427
109.60850452
109.477945718
109.333368568
109.207626181
109.08432647
108.923093186
108.739897202
108.551801222
108.345486523
108.160000193
107.976956538
107.783923706
107.597308879
107.410222396
107.210136965
107.01833358
106.800820861
106.576987338
106.352682158
106.078044778
105.802537416
105.515990544
105.215904161
104.939533508
104.646688989
104.341127012
104.042926355
103.748089099
103.450623987
103.176897193
102.911752099
102.646135347
102.372382409
102.135381828
101.848914946
101.560415138
101.299745098
101.034646717
100.805250404
100.590539051
100.375827699
100.188837491
100.013165285
99.7988841771
99.5826320518
99.3513395841
99.1254765852
98.8931588728
98.6775373599
98.4781403895
98.2787434191
98.1255685387
97.9486517841
97.7669808921
97.5689179102
97.3650271336
97.1936190792
97.0563496044
96.9237851712
96.7710010854
96.6056706779
96.4063604666
96.2147228063
96.0235568033
95.8323908002
95.6591272988
95.4756107335
95.3095330339
95.1502252076
94.9889463642
94.8519060956
94.7465343239
94.6718987867
94.5882142914
94.4909787066
94.3805248267
94.2741916122
94.175519371
94.0842084498
93.963190275
93.8498330734
93.7507117626
93.6515904518
93.5610769852
93.4550921556
93.3619508328
93.2744994662
93.192738056
93.1109766457
93.0215542622
92.916975261
92.8123962598
92.6695283048
92.56064371
92.4952599944
92.4257771766
92.3783290614
92.3276518273
92.2949324089
92.2764488813
92.2579653538
92.2394818262
92.1485801246
92.0785249969
91.9993978635
91.926224574
91.8588790793
91.7725512082
91.6618626078
91.5533661243
91.4710431371
91.3828807773
91.3291698786
91.2580050222
91.2039678004
91.156969022
91.0951805856
91.0328084194
90.9403869938
90.8632005173
90.7764245189
90.6948925855
90.6203514982
90.5318252044
90.450293271
90.3613179076
90.2956092048
90.2316076314
90.1420310474
90.0602648531
89.9964126959
89.9111353319
89.8172762677
89.7310781768
89.6448800859
89.5741533579
89.4781512728
89.3980922079
89.3180331429
89.239945095
89.1471720867
89.0605606919
88.9509938676
88.8651804532
88.7588658612
88.6406533552
88.5285109685
88.4113452384
88.3141185588
88.2131875887
88.0783124242
87.9325175828
87.7985782371
87.6830245858
87.5657638051
87.4561675541
87.3217791388
87.1795838903
87.0553026789
86.9391576545
86.818558146
86.6805127011
86.5652848471
86.434113973
86.3548636097
86.2589572689
86.1380948911
86.0352548045
85.9411346347
85.8770637243
85.7705053915
85.6949612591
85.6234542113
85.5518308883
85.4734492698
85.3941318324
85.3226247847
85.235646374
85.1563289366
85.0794541735
84.9923263466
84.9051985196
84.8323065834
84.7675246902
84.6931108066
84.5952698364
84.4790219807
84.4260579119
84.342361165
84.2517898473
84.1445625522
84.0702600519
83.9902675954
83.9602015193
83.8939617186
83.8420267153
83.8100307624
83.7760637925
83.7027493033
83.6377055877
83.5796562323
83.5233975871
83.4890865495
83.4098493615
83.351922909
83.2777895487
83.1971334853
83.1472136564
83.1160203376
83.0758783589
83.0357363802
82.9936233845
82.9505896619
82.9035766689
82.861007108
82.7844346299
82.7156725413
82.6648280464
82.5980485527
82.5251989398
82.4471491908
82.4073798459
82.3428007019
82.2783378333
82.1897925793
82.0917298063
82.001477423
81.9193350825
81.8344172736
81.7527501468
81.6844883152
81.6181975007
81.5499356692
81.4832682481
81.4170724842
81.3528477374
81.3095123523
81.2845838527
81.2141419196
81.1655280878
81.1237888269
81.0925811663
81.0558179878
81.0210258263
80.9413451204
80.9037919829
80.8418188227
80.7716666877
80.7034855697
80.666515784
80.6138317948
80.5536817881
80.5119210322
80.4369813676
80.4172633357
80.3835733006
80.3045819024
80.2590890905
80.1795586599
80.1061199118
80.0278691463
79.9447148271
79.8615605079
79.8021480628
79.7238972974
79.6542317885
79.584574301
79.5008069718
79.4120162994
79.3290534217
79.2261104392
79.1375738806
79.0216173014
78.9108790213
78.8021117582
78.7193978975
78.6550471437
78.593139064
78.486539117
78.4055473213
78.3193338265
78.2293586046
78.1393833827
78.0499918906
77.957950601
77.8717371062
77.7761261864
77.6757067635
77.5906386096
77.4986449172
77.4149640505
77.2822598955
77.1908098224
77.1022514931
76.9893762131
76.9010292098
76.7825032956
76.6652470189
76.5600121504
76.4506239219
76.3493718803
76.2348197667
76.1088838147
76.0130926083
75.9333822605
75.834753568
75.7284603457
75.6716218467
75.5960779335
75.5468270849
75.482535894
75.4160623601
75.3543761047
75.2885364893
75.2068816646
75.1310546347
75.0596412961
74.9822625357
74.8918768062
74.7734341519
74.6512642107
74.562243256
74.466082081
74.3792745524
74.2918444939
74.1982900583
74.0958900349
73.9974728385
73.8966129678
73.8026276679
73.7094136785
73.6085387158
73.5134915479
73.41844438
73.3228134823
73.2196301275
73.1165728218
73.0169590972
72.9301737872
72.8260661914
72.7314820696
72.6215466789
72.5522088458
72.4513338831
72.3419601034
72.2548159821
72.1610611777
72.0882727368
72.0142111019
71.9293277653
71.8485977887
71.7678678121
71.6760983692
71.6140984591
71.5133459592
71.4039786183
71.3014858481
71.2071292649
71.1105903386
70.9975506965
70.8742875751
70.7563996647
70.6201260598
70.4508884623
70.204798549
70.0212841993
69.8319420548
69.6406288933
69.4558648833
69.2820205502
69.1371031251
69.0011570519
68.8360955206
68.6584036266
68.487750176
68.310058282
68.1103236641
67.9334066371
67.7455124228
67.5626415519
67.3894142491
67.2143537677
67.0259130345
66.8468697262
66.6504925542
66.472358395
66.2870091538
66.0838078501
65.9196310451
65.7495003962
65.5765207913
65.4137973213
65.2424921512
65.0849768706
64.9140876082
64.7420749463
64.5758685159
64.4096620856
64.2326045172
64.068844622
63.9008439673
63.7244175821
63.5503221559
63.4002355384
63.2261401122
63.0662756445
62.9150013656
62.746745312
62.5666337627
62.3943290465
62.2376158973
62.0705807775
61.9233162405
61.7944373979
61.6961961491
61.6356272442
61.5049875458
61.3920592118
61.2790146026
61.1663105045
61.0451294038
60.9031752167
60.7729883239
60.658864283
60.5611323319
60.4634003807
60.3607648758
60.2765150653
60.1758731651
60.0802546081
59.9796127078
59.8843269451
59.7832133876
59.6974510991
59.6022913855
59.5224945187
59.4264256561
59.3318391314
59.261969466
59.161000163
59.0600308599
58.9412814823
58.8136754245
58.7000152258
58.5731804785
58.4524489914
58.33911459
58.2220612493
58.1050079087
57.9758647692
57.8672881267
57.7540915638
57.6296124279
57.5028023329
57.3836616998
57.2706158384
57.136790245
56.9926673334
56.8554189926
56.7386078476
56.6139898694
56.4687179949
56.3398382102
56.1976058481
56.0534024691
55.8886863349
55.7761491203
55.6820187912
55.5718515324
55.4471155885
55.3292542154
55.2420208228
55.1797138767
55.0999239141
55.0179516085
54.9221103718
54.8177921325
54.7396730904
54.671335455
54.5731858684
54.5057689598
54.4076193731
54.3191184514
54.221440522
54.1285825655
54.0357246091
53.9400176967
53.870231445
53.7873431735
53.691636261
53.6163042653
53.523054676
53.4661693678
53.3908948088
53.3359805176
53.2729300395
53.2180121919
53.1578760452
53.0881079081
53.0114501083
52.9522608324
52.8746823058
52.7971037791
52.7334057613
52.6697077435
52.5844466803
52.4933578223
52.4126305866
52.3414208698
52.270211153
52.1625280583
52.0548449636
51.9878970534
51.8828044016
51.7792242278
51.6919556593
51.6271708631
51.5209414815
51.4265675956
51.3227124416
51.2514562853
51.1664358954
51.0483448507
50.932708058
50.8233707174
50.7082055819
50.5939400352
50.5063945039
50.3758740083
50.2348007956
50.1284169439
49.9834935809
49.8754025998
49.7603169539
49.648580521
49.5320241151
49.4212955039
49.2994402893
49.1411116967
49.0325716459
48.9012140043
48.7610107748
48.628617935
48.4824608616
48.3750643992
48.2264721472
48.0909347278
47.9430179633
47.7946295416
47.6543737505
47.5210076221
47.3880905634
47.2397021417
47.1009457104
46.9680170739
46.8291345934
46.7040047688
46.5851743961
46.4706673616
46.3625632407
46.2520164456
46.1289635188
46.0076000868
45.8507890056
45.7207542241
45.5858869319
45.4296846911
45.2908214109
45.1703212375
45.023280608
44.8832755012
44.7151032933
44.558724302
44.4192090577
44.2772395613
44.1294422702
43.9874727738
43.8584726198
43.7117011102
43.5866089214
43.4696267755
43.3477446322
43.2331976649
43.1120793366
43.0047216855
42.8848061348
42.7731726309
42.6557113322
42.5483688153
42.4554357933
42.3277872663
42.2229563303
42.1165229624
42.0221678155
41.9095696558
41.7718514682
41.6770246641
41.5634102832
41.447168046
41.3309258088
41.2195760734
41.1004195048
40.989544983
40.8965844984
40.7959630405
40.681577349
40.5543107374
40.4235445339
40.298134468
40.1666542829
40.0388783881
39.9155161846
39.811256147
39.6864718506
39.5745925925
39.4721107594
39.3513859135
39.2234019025
39.079134318
38.9492188996
38.8318060986
38.7131935911
38.5988803034
38.4865380329
38.3916381422
38.2962665944
38.2004233894
38.1122411577
38.022087909
37.9334340201
37.8224341975
37.7282981219
37.6346337034
37.5414409422
37.430805801
37.3076061327
37.1949817692
37.0736262892
36.9522708093
36.8367431241
36.7153876441
36.6059300783
36.4964725124
36.3751170324
36.2517905354
36.1467070512
36.0508005748
35.9270024206
35.8229125701
35.7274044198
35.6318962694
35.5310239601
35.4463842146
35.3548973067
35.2467544215
35.1445653801
35.0556689152
34.9606807677
34.8719402723
34.7797029411
34.6996305008
34.6102306557
34.5208012051
34.4481237862
34.3874065606
34.3069842832
34.2438097345
34.1978314226
34.1661066361
34.1293697796
34.0925166478
34.057845859
34.0092030671
33.9722040754
33.9352050837
33.8667881526
33.8057325414
33.7431775704
33.672961626
33.5774642255
33.4899769627
33.4294996372
33.3484768618
33.2527691261
33.1708256239
33.115377859
33.0570232583
33.0069507044
32.9573272202
32.8908364325
32.8226385155
32.7544405984
32.6867143386
32.6189880788
32.525065735
32.4335976431
32.3421295513
32.2506614595
32.1595487496
32.0725893996
31.980726496
31.8966739819
31.8263857014
31.7452290161
31.6606664293
31.5903171457
31.5140140181
31.4381825478
31.403220544
31.3518956629
31.3166255171
31.2666788996
31.230488027
31.1928274001
31.1597103849
31.1329962834
31.0958344666
31.069120365
31.0310378214
30.9835578528
30.9499036493
30.9068520209
30.8731978174
30.8308124975
30.794592717
30.7505625468
30.7325861572
30.6995839179
30.6707350386
30.6330405715
30.6556788456
30.6683359649
30.6721757208
30.6732942659
30.6727056816
30.6806987974
30.6612718927
30.6413733308
30.6356880721
30.6300028133
30.6223465376
30.630633282
30.6389200264
30.6307920934
30.6226641604
30.6483932848
30.6716681572
30.6949430295
30.7182179019
30.7396380325
30.7420085168
30.7603104856
30.7732447391
30.7724147589
30.7764701273
30.7478614101
30.7145960048
30.6561979239
30.59297987
30.5178674584
30.4394963433
30.3650854675
30.2755179741
30.2040139342
30.1340092542
30.0561977409
29.9813121368
29.9320346842
29.850158234
29.7783889878
29.7160171666
29.6384201256
29.5675716062
29.4943200222
29.4462142319
29.3634353551
29.3112844587
29.2335549955
29.1818757564
29.1162209578
29.0430196571
28.9440994085
28.8375181865
28.7350903245
28.6395370333
28.5603758319
28.4593403539
28.3616718335
28.2611115691
28.1438953274
28.0266790856
27.9278295071
27.7919264469
27.6540523696
27.5015049097
27.3660850845
27.2235880157
27.0740525036
26.9294893671
26.7811645035
26.6327445893
26.4927662479
26.3467323514
26.1903406935
26.0192640752
25.8636623763
25.7407247629
25.6032071911
25.4908222949
25.3784373987
25.2620038401
25.1564899582
25.0183770789
24.9158580129
24.779807687
24.6500683908
24.5232323741
24.3775500157
24.2396449058
24.1086143668
23.969919298
23.830752572
23.6974136408
23.5488060194
23.4074399284
23.2656021803
23.129718276
22.9710167809
22.8437296688
22.6985285196
22.5646489297
22.4476330867
22.3227842666
22.1795430174
22.0363017682
21.9109781126
21.7577627792
21.6105671253
21.4788428343
21.3728278782
21.2834688994
21.1941099207
21.0794981724
20.9955108482
20.9199200422
20.874945639
20.7986077103
20.7359219426
20.6798029611
20.6187116039
20.5434643802
20.4857545872
20.4205239482
20.3562747774
20.285704803
20.2457628091
20.1883748789
20.1243762655
20.0857759122
20.0303082554
19.9938964624
19.9574846695
19.9210728765
19.8924714732
19.8184948497
19.7608020621
19.7136655481
19.6709609306
19.6500125619
19.6135928303
19.5693662654
19.5406110635
19.5123275188
19.4860149911
19.4552741233
19.415987321
19.3436202506
19.2980980821
19.2610016442
19.2047330671
19.1484644901
19.0926675703
19.0285886036
18.9828988877
18.9306751545
18.8784514212
18.8270285831
18.8034974227
18.7862935666
18.7611746233
18.7201126598
18.6496959097
18.5359458278
18.4479201726
18.358962255
18.2635788363
18.1681954175
18.0870478896
17.992136128
17.8972243665
17.8023126049
17.6927310172
17.5848057011
17.484401231
17.3836065092
17.2860197473
17.1863588964
17.0683087946
16.9730762838
16.8542397796
16.7848579985
16.6843730233
16.5949159788
16.5074299514
16.4243576153
16.366994614
16.2994474806
16.229005047
16.1430912504
16.0594742682
15.9816966586
15.9117258822
15.8258120856
15.7239517125
15.6270099852
15.5519425343
15.4527994328
15.3943975726
15.3255429004
15.2418369965
15.1691706011
15.0965042058
15.0238378104
14.9430352281
14.8544222562
14.7804826669
14.7065430776
14.6068906393
14.507238201
14.4140770994
14.3064851512
14.1920186323
14.0648019189
13.9809185375
13.9193810898
13.8330514777
13.7609577564
13.6883923779
13.5884069788
13.4923782627
13.4115061641
13.3281913913
13.2754930213
13.1839876959
13.0944167644
13.0205778843
12.9360876142
12.8155774351
12.7346641703
12.6143823391
12.5071945721
12.387794302
12.2611789499
12.1187156939
11.9742814209
11.8548470819
11.7427514752
11.6021019771
11.4539864614
11.335682897
11.1822983386
11.0308847973
10.879471256
10.7372347224
10.6023630653
10.4912297259
10.3735525453
10.2582768557
10.1690122121
10.0753992526
9.9713444908
9.83283418582
9.66939743438
9.51758036494
9.38753766687
9.23111576905
9.10694849672
8.94971056962
8.82414113943
8.66795530646
8.50947085519
8.37656497083
8.22818772353
8.08230405035
7.94526596497
7.78588194587
7.65024331517
7.49223260676
7.31830146578
7.16153728153
7.02606918393
6.87394510891
6.70891243918
6.55971971758
6.41428872311
6.28958495613
6.12672179862
5.9863092724
5.86712699726
5.7262654014
5.61053648113
5.49765651687
5.36440163591
5.25522914034
5.13664072703
5.03352367667
4.90343567535
4.76370410591
4.68484996012
4.59751881171
4.5057161572
4.42851488235
4.3435032179
4.25849155344
4.17806711477
4.08831033909
3.97620762968
3.87309143569
3.78643110232
3.65015572954
3.50844726596
3.38606035777
3.28189287262
3.20750793434
3.11462874326
3.02874039828
2.96109506611
2.86086613282
2.78589746469
2.67463497796
2.62461687455
2.53350502644
2.43916054513
2.35585908663
2.31295543754
2.2457348377
2.194457258
2.12140886334
2.03157020916
1.97525127938
1.93501320826
1.85965328536
1.7793898087
1.72973891613
1.63314843768
1.58799527722
1.50692690528
1.44272228031
1.65967838296
1.30907527303
1.96282595947
2.06334782791
1.13295417475
0.734624304603
0.142020522108
1.7040475298
0.475845874934
0.475845874934
0.250000527729
1.03904003793
0.250000527729
1.06309455535
0.250000527729
-1.02124824224
-0.1477388763
0.149478659288
-0.329790015503
-0.680393125428
0.0979339468713
-1.58866944668
0.120836497865
-0.984808858751
-0.984808858751
