-0.3125
-0.3125
-0.3125
0.375
1.0625
1.75
1.75
1.4375
2.125
2.125
2.8125
3.5
4.1875
4.1875
4.875
5.5625
5.25
5.9375
5.9375
5.625
5.625
5.3125
6.0
5.6875
5.6875
6.375
6.375
6.375
6.375
7.0625
6.75
7.4375
8.125
7.8125
7.8125
7.5
7.1875
7.1875
7.875
7.875
7.875
7.875
7.875
7.5625
7.25
7.25
7.25
7.25
7.25
7.25
7.9375
8.625
9.3125
9.3125
9.3125
10.0
10.0
10.6875
10.375
10.375
10.375
10.375
11.0625
10.75
10.75
10.4375
10.4375
10.4375
11.125
11.125
10.8125
10.8125
11.5
11.1875
11.1875
10.875
10.875
11.5625
11.5625
11.25
11.25
10.9375
10.625
10.625
10.625
10.625
11.3125
11.3125
11.3125
11.3125
12.0
12.0
12.0
11.6875
11.6875
11.6875
11.6875
12.375
12.0625
11.75
12.4375
13.125
13.125
13.8125
13.8125
13.8125
13.8125
13.8125
13.8125
13.5
13.5
13.5
13.5
13.5
13.1875
13.1875
13.1875
12.875
12.5625
12.25
12.25
12.9375
12.9375
12.9375
12.9375
12.9375
12.9375
12.9375
12.9375
12.625
12.625
13.3125
13.3125
14.0
14.0
14.0
14.0
13.6875
13.375
14.0625
14.75
14.75
14.4375
15.125
14.8125
14.8125
14.5
14.5
14.1875
14.1875
14.875
14.875
14.5625
14.25
14.25
14.9375
15.625
15.3125
15.3125
15.3125
16.0
16.0
16.6875
16.6875
16.6875
16.6875
17.375
17.375
18.0625
18.0625
18.0625
17.75
17.75
17.4375
17.4375
18.125
18.125
18.125
18.125
18.125
17.8125
17.8125
18.5
18.5
18.5
19.1875
19.1875
19.875
19.875
19.875
19.875
19.875
19.875
19.5625
19.5625
20.25
20.25
20.25
20.25
20.25
20.25
19.9375
19.625
19.625
19.625
20.3125
20.3125
21.0
20.6875
20.6875
21.375
21.375
22.0625
21.75
22.4375
22.4375
22.125
22.125
21.8125
21.8125
21.5
21.5
21.5
21.1875
21.875
21.875
22.5625
22.5625
22.25
21.9375
22.625
23.3125
23.3125
23.3125
23.0
23.6875
24.375
25.0625
25.75
25.75
26.4375
26.4375
27.125
26.8125
27.5
27.5
27.1875
27.1875
27.1875
27.875
27.875
27.875
28.5625
29.25
29.25
29.9375
29.625
29.625
30.3125
31.0
31.0
31.6875
31.6875
31.6875
31.6875
31.6875
31.6875
31.6875
31.375
31.0625
31.0625
31.0625
30.75
30.4375
30.4375
31.125
31.125
31.125
31.125
31.8125
31.8125
31.8125
31.5
31.1875
31.1875
31.1875
30.875
31.5625
32.25
32.25
32.25
32.25
32.9375
32.9375
33.625
33.625
33.625
33.3125
33.3125
33.3125
33.0
33.6875
34.375
34.0625
33.75
34.4375
34.4375
34.125
34.125
33.8125
33.8125
33.8125
33.5
34.1875
34.875
34.875
34.875
34.5625
34.5625
35.25
35.25
35.9375
36.625
36.625
36.3125
36.3125
36.3125
36.3125
36.3125
36.3125
36.3125
36.3125
36.3125
36.0
36.0
36.6875
36.6875
36.6875
36.6875
37.375
37.0625
37.0625
37.0625
37.75
37.4375
37.4375
38.125
38.8125
38.5
39.1875
38.875
38.5625
38.25
37.9375
37.625
37.625
37.625
37.3125
37.3125
37.3125
37.3125
38.0
38.6875
38.6875
38.375
38.375
38.0625
38.0625
37.75
37.75
37.75
37.4375
37.125
37.8125
37.8125
37.8125
38.5
38.1875
38.875
38.875
38.875
38.875
38.875
38.5625
38.25
37.9375
38.625
38.625
38.625
39.3125
39.3125
39.3125
39.3125
40.0
39.6875
39.6875
39.375
39.0625
39.0625
39.75
39.75
39.75
39.4375
39.125
39.8125
40.5
40.5
40.5
40.1875
40.1875
40.1875
40.1875
39.875
39.875
40.5625
40.25
40.9375
40.625
40.3125
40.3125
40.3125
40.3125
40.3125
40.3125
41.0
41.6875
42.375
43.0625
42.75
42.4375
42.4375
42.4375
42.4375
43.125
43.125
43.8125
43.8125
43.8125
43.5
43.5
43.5
43.5
43.5
43.5
43.5
44.1875
44.1875
44.1875
43.875
43.875
43.875
43.875
43.5625
43.5625
43.25
43.25
43.9375
43.625
44.3125
45.0
45.0
44.6875
44.375
44.375
45.0625
45.0625
44.75
44.4375
44.4375
44.4375
45.125
45.8125
46.5
46.5
46.1875
46.1875
46.1875
46.1875
46.1875
46.1875
46.1875
46.875
47.5625
47.25
47.25
46.9375
47.625
48.3125
49.0
49.0
49.0
49.0
49.6875
49.375
49.375
50.0625
50.0625
50.75
50.75
50.75
50.75
50.75
50.4375
50.4375
50.4375
50.4375
51.125
51.8125
52.5
53.1875
53.1875
52.875
53.5625
53.25
52.9375
52.625
52.625
52.3125
52.3125
52.3125
52.3125
52.3125
53.0
52.6875
53.375
53.375
53.375
53.375
53.375
53.375
53.375
53.0625
52.75
52.75
52.75
53.4375
53.4375
54.125
53.8125
53.5
53.5
54.1875
54.875
54.5625
54.5625
54.5625
54.5625
54.25
53.9375
53.9375
53.9375
54.625
55.3125
56.0
56.0
56.0
56.0
56.0
56.0
56.0
56.0
55.6875
55.6875
56.375
57.0625
56.75
56.4375
56.4375
57.125
57.125
57.125
57.125
57.125
57.125
57.125
57.125
57.125
57.125
57.125
57.125
56.8125
56.5
57.1875
57.1875
56.875
56.875
56.875
56.875
56.875
56.875
57.5625
57.5625
58.25
58.25
57.9375
57.9375
57.9375
57.625
57.625
58.3125
58.0
57.6875
58.375
59.0625
59.0625
59.0625
59.75
60.4375
60.4375
61.125
60.8125
60.8125
60.8125
60.8125
60.5
60.1875
60.875
60.5625
60.5625
60.5625
61.25
61.9375
61.9375
61.9375
61.9375
61.9375
62.625
62.625
62.3125
62.0
62.0
62.0
62.0
62.0
62.0
62.0
62.0
61.6875
61.375
61.375
61.375
61.0625
61.0625
61.0625
61.0625
61.0625
61.0625
60.75
60.75
60.75
60.4375
60.4375
61.125
61.125
60.8125
60.8125
60.8125
60.5
61.1875
61.1875
61.875
61.5625
61.25
61.25
61.25
61.9375
61.9375
61.9375
61.9375
62.625
62.3125
62.3125
62.3125
62.3125
62.3125
62.3125
62.3125
62.0
62.0
61.6875
61.6875
61.6875
61.6875
61.6875
61.6875
61.6875
61.6875
61.375
61.375
62.0625
62.0625
62.0625
62.75
62.75
62.75
62.75
62.4375
63.125
63.125
63.125
63.125
63.125
62.8125
62.8125
63.5
63.5
63.5
64.1875
64.875
65.5625
65.5625
65.25
65.9375
65.9375
66.625
66.625
66.625
66.625
66.625
66.625
66.625
66.625
66.3125
66.3125
66.3125
66.3125
66.3125
66.0
66.0
66.0
66.0
66.6875
66.375
66.375
66.0625
65.75
65.75
66.4375
67.125
67.125
67.8125
67.5
68.1875
68.1875
68.875
68.875
68.875
69.5625
69.5625
70.25
70.25
70.25
70.9375
71.625
72.3125
72.0
72.0
72.6875
73.375
73.0625
73.0625
72.75
73.4375
73.4375
73.4375
73.4375
74.125
74.8125
75.5
75.5
75.5
75.5
75.5
75.1875
75.1875
75.875
75.875
75.5625
75.5625
75.25
75.25
74.9375
74.625
74.625
74.625
74.625
74.625
74.3125
74.3125
74.3125
74.0
74.0
73.6875
73.375
74.0625
74.0625
74.0625
73.75
74.4375
75.125
75.8125
75.8125
75.5
76.1875
75.875
76.5625
76.25
75.9375
75.9375
75.9375
75.9375
75.9375
75.9375
75.9375
75.625
75.625
75.625
75.3125
75.3125
75.3125
75.0
75.6875
75.6875
75.6875
75.375
75.375
75.375
75.375
75.375
75.375
75.375
75.375
75.375
75.375
75.0625
75.0625
74.75
74.4375
75.125
75.125
75.8125
76.5
77.1875
77.1875
76.875
77.5625
77.5625
77.5625
77.25
77.9375
78.625
78.625
78.625
78.625
79.3125
79.0
79.6875
79.6875
79.6875
79.6875
79.6875
79.6875
79.6875
79.375
79.375
79.375
79.375
79.375
79.375
79.0625
78.75
78.75
79.4375
79.4375
79.125
79.125
79.125
78.8125
78.8125
79.5
79.5
79.1875
79.1875
78.875
78.5625
78.25
78.9375
78.625
78.3125
79.0
78.6875
79.375
80.0625
79.75
79.75
79.75
79.4375
79.4375
79.4375
79.125
79.125
79.8125
79.8125
79.5
79.5
79.1875
78.875
78.875
78.875
78.875
79.5625
79.5625
79.25
78.9375
78.9375
79.625
80.3125
80.0
80.0
80.0
79.6875
79.375
80.0625
80.75
80.75
80.4375
80.4375
80.4375
80.4375
81.125
81.125
81.8125
81.5
81.1875
80.875
80.875
81.5625
81.5625
81.5625
81.5625
82.25
82.25
82.25
81.9375
82.625
82.625
83.3125
83.0
83.0
83.6875
83.6875
83.375
83.0625
82.75
82.75
82.4375
83.125
82.8125
82.8125
82.8125
83.5
83.5
83.5
83.5
83.5
83.1875
83.1875
83.875
83.5625
83.5625
83.5625
83.5625
83.5625
83.5625
83.5625
83.5625
84.25
84.9375
85.625
86.3125
86.3125
86.3125
86.3125
87.0
87.0
87.0
87.0
86.6875
87.375
87.375
87.375
87.375
87.375
88.0625
88.0625
88.75
88.75
89.4375
89.125
89.125
89.125
88.8125
88.8125
89.5
89.1875
89.1875
89.1875
89.1875
89.1875
88.875
88.5625
88.5625
88.5625
89.25
89.9375
89.9375
89.625
90.3125
90.3125
91.0
91.0
90.6875
90.6875
90.375
90.375
90.375
90.0625
89.75
89.4375
89.4375
89.125
89.8125
90.5
90.1875
89.875
90.5625
90.25
90.25
89.9375
89.9375
90.625
90.3125
90.3125
90.3125
90.3125
90.3125
90.0
89.6875
89.6875
90.375
90.375
90.375
90.0625
89.75
89.75
89.4375
90.125
90.8125
90.8125
90.8125
91.5
91.5
92.1875
92.1875
92.1875
92.1875
91.875
91.5625
92.25
92.25
92.25
92.25
92.25
92.25
92.25
92.25
92.25
91.9375
91.625
92.3125
92.3125
92.3125
92.3125
93.0
92.6875
92.6875
93.375
93.375
93.0625
92.75
92.4375
92.4375
92.4375
92.4375
93.125
93.125
92.8125
92.5
93.1875
93.875
93.875
93.5625
93.5625
93.5625
93.25
93.9375
93.9375
93.9375
93.9375
93.9375
93.9375
94.625
94.625
94.625
94.625
95.3125
95.3125
96.0
95.6875
95.6875
96.375
97.0625
96.75
97.4375
97.4375
98.125
98.125
98.125
97.8125
98.5
98.5
98.5
99.1875
99.1875
99.1875
99.1875
99.875
99.875
99.5625
99.5625
99.5625
100.25
100.25
100.25
100.25
100.25
99.9375
99.625
100.3125
100.3125
100.0
100.0
100.0
100.0
100.0
99.6875
99.375
99.375
100.0625
100.0625
99.75
99.4375
99.4375
99.4375
99.4375
99.4375
99.4375
99.4375
99.125
98.8125
98.8125
99.5
100.1875
100.1875
100.1875
100.875
100.875
100.875
101.5625
101.5625
102.25
101.9375
101.625
101.3125
101.3125
102.0
101.6875
102.375
102.375
102.375
102.0625
102.0625
102.0625
102.0625
102.0625
102.0625
102.0625
102.0625
101.75
101.4375
101.4375
101.4375
101.4375
101.4375
101.4375
101.4375
101.4375
101.125
100.8125
100.8125
100.8125
101.5
102.1875
102.875
102.875
102.5625
102.5625
102.25
101.9375
101.9375
102.625
102.625
102.3125
102.0
102.0
102.0
102.6875
102.375
103.0625
103.75
103.75
103.75
103.75
103.75
103.4375
103.4375
103.125
102.8125
102.8125
103.5
103.5
103.5
103.5
104.1875
103.875
104.5625
104.5625
104.5625
104.5625
104.5625
104.5625
104.5625
104.5625
104.5625
104.5625
104.5625
104.5625
104.25
104.25
104.9375
104.9375
104.9375
104.625
104.625
105.3125
105.3125
105.3125
105.3125
105.0
104.6875
105.375
105.375
105.0625
105.75
105.75
106.4375
106.125
105.8125
105.8125
106.5
106.5
106.5
106.1875
106.875
107.5625
107.5625
107.25
107.25
107.25
106.9375
107.625
108.3125
109.0
109.0
109.0
109.0
109.6875
109.6875
109.6875
109.375
109.0625
108.75
109.4375
109.4375
109.4375
109.4375
110.125
109.8125
110.5
110.5
110.1875
110.875
110.5625
111.25
110.9375
110.9375
110.9375
110.625
111.3125
111.3125
111.3125
111.0
111.6875
112.375
112.375
112.0625
112.75
112.75
112.75
112.4375
112.4375
112.4375
112.4375
112.125
112.125
112.8125
112.8125
112.8125
112.8125
112.8125
112.8125
112.5
112.5
113.1875
113.1875
112.875
112.5625
112.5625
112.5625
112.5625
112.5625
112.5625
113.25
113.25
113.25
112.9375
112.625
113.3125
113.3125
113.3125
113.3125
113.3125
113.3125
113.3125
113.0
112.6875
113.375
113.375
113.375
114.0625
114.0625
114.75
114.75
114.4375
114.4375
114.4375
114.4375
114.4375
114.125
113.8125
114.5
114.5
114.5
115.1875
115.1875
115.875
115.5625
115.5625
115.5625
115.25
115.9375
115.9375
116.625
116.625
116.3125
116.0
115.6875
115.6875
115.6875
115.375
115.0625
115.0625
115.0625
115.0625
115.75
115.75
115.75
115.4375
115.4375
115.4375
115.4375
115.4375
115.125
115.125
115.8125
115.8125
115.8125
115.8125
116.5
116.5
116.5
116.5
116.5
116.1875
116.875
117.5625
117.5625
117.5625
117.25
117.25
117.25
117.25
117.25
117.25
117.9375
117.9375
118.625
118.3125
118.3125
118.3125
119.0
119.6875
119.6875
119.375
120.0625
120.0625
120.0625
119.75
119.75
120.4375
120.125
120.125
120.125
120.8125
120.8125
121.5
121.5
121.5
121.1875
121.1875
121.875
121.5625
121.25
121.25
120.9375
120.9375
120.625
120.625
120.625
120.3125
120.3125
121.0
121.0
120.6875
120.6875
120.375
120.375
120.0625
120.0625
119.75
119.75
119.75
119.75
119.4375
119.125
119.125
119.125
118.8125
118.8125
118.8125
118.8125
118.8125
118.8125
118.8125
119.5
119.5
120.1875
120.1875
119.875
119.5625
119.5625
120.25
120.25
120.25
120.25
120.9375
120.625
120.625
121.3125
122.0
122.0
121.6875
121.6875
121.6875
121.6875
121.6875
121.375
121.0625
121.0625
121.75
121.75
121.75
121.75
122.4375
122.4375
123.125
123.125
123.125
123.125
123.125
123.125
123.125
123.125
122.8125
123.5
123.5
123.5
124.1875
124.1875
124.1875
123.875
124.5625
124.5625
124.5625
125.25
125.9375
125.9375
126.625
126.625
126.3125
126.3125
126.0
125.6875
125.6875
126.375
126.375
126.375
126.375
126.375
127.0625
127.0625
127.75
127.75
127.75
127.75
127.75
127.75
127.4375
128.125
128.8125
128.8125
128.8125
128.8125
128.8125
129.5
129.1875
129.875
130.5625
130.5625
130.5625
131.25
130.9375
130.9375
131.625
132.3125
132.3125
133.0
132.6875
132.6875
132.375
133.0625
132.75
132.75
133.4375
133.4375
133.4375
133.125
133.8125
134.5
134.5
135.1875
135.1875
135.875
135.5625
135.5625
136.25
136.25
135.9375
135.9375
135.625
135.3125
135.0
135.0
135.0
135.0
135.0
134.6875
134.6875
135.375
135.0625
134.75
135.4375
135.4375
135.4375
135.125
135.8125
136.5
137.1875
137.1875
137.1875
137.875
137.875
137.875
137.5625
137.5625
138.25
138.25
137.9375
137.9375
137.9375
137.9375
137.9375
137.9375
137.9375
137.9375
137.9375
137.9375
137.9375
137.9375
137.9375
137.9375
137.625
138.3125
139.0
138.6875
138.375
139.0625
139.0625
139.0625
139.75
139.75
139.75
139.75
139.75
139.4375
139.4375
140.125
140.125
140.8125
140.8125
140.8125
140.5
140.5
140.5
140.5
140.5
140.5
140.1875
140.1875
140.1875
140.875
141.5625
142.25
142.25
142.25
142.9375
143.625
144.3125
144.0
144.0
144.6875
144.6875
144.375
144.375
144.0625
143.75
143.75
143.75
144.4375
144.4375
144.4375
144.4375
144.4375
144.125
144.125
143.8125
143.8125
144.5
144.1875
144.1875
144.1875
144.1875
144.1875
144.1875
143.875
144.5625
145.25
144.9375
144.625
144.625
144.625
144.625
145.3125
146.0
146.0
146.6875
146.6875
146.6875
146.375
146.0625
146.0625
146.75
147.4375
147.4375
147.4375
147.4375
147.4375
147.125
146.8125
146.8125
146.8125
146.5
146.5
147.1875
146.875
146.5625
146.5625
146.5625
146.25
146.9375
147.625
147.625
147.3125
147.3125
147.3125
147.3125
147.3125
147.3125
147.0
147.0
146.6875
146.375
146.0625
146.75
147.4375
147.4375
147.4375
147.4375
148.125
147.8125
147.5
147.5
147.5
147.5
147.5
147.5
147.5
147.1875
146.875
147.5625
148.25
147.9375
147.9375
147.625
147.3125
147.3125
147.3125
147.3125
148.0
148.0
148.0
147.6875
148.375
149.0625
149.75
149.75
149.4375
150.125
150.125
150.8125
150.8125
150.8125
150.8125
150.8125
150.8125
150.5
150.1875
150.1875
150.1875
150.1875
150.1875
150.875
150.875
150.5625
150.5625
151.25
151.25
150.9375
150.625
150.625
151.3125
151.0
150.6875
150.6875
150.375
151.0625
150.75
150.75
150.4375
150.4375
150.4375
150.4375
150.4375
150.4375
150.4375
150.4375
150.125
149.8125
150.5
150.5
150.1875
150.1875
150.1875
150.1875
150.875
150.875
150.875
150.875
151.5625
151.25
151.25
151.9375
151.9375
151.9375
151.625
151.625
152.3125
152.3125
152.3125
152.0
152.6875
152.6875
152.6875
152.6875
153.375
153.375
154.0625
154.0625
153.75
154.4375
154.125
154.125
153.8125
153.8125
153.5
153.5
154.1875
153.875
153.875
153.875
154.5625
154.5625
155.25
155.25
155.25
155.25
154.9375
154.9375
154.9375
154.9375
154.9375
154.9375
154.9375
154.625
155.3125
156.0
156.0
156.0
156.0
156.0
156.0
155.6875
155.6875
156.375
156.0625
156.0625
156.0625
156.0625
156.75
156.4375
156.4375
157.125
157.125
157.125
157.125
157.125
157.125
156.8125
156.8125
157.5
157.5
157.1875
156.875
156.875
156.875
156.875
156.875
156.875
157.5625
157.25
157.25
157.9375
157.9375
157.625
157.3125
157.0
156.6875
156.6875
156.375
157.0625
157.75
157.75
157.75
157.75
157.75
157.75
157.4375
157.4375
157.4375
157.4375
158.125
157.8125
158.5
158.1875
158.875
158.5625
159.25
159.9375
159.9375
159.9375
159.9375
159.9375
159.9375
159.9375
159.625
159.625
159.625
159.3125
159.0
159.0
159.0
159.0
159.0
158.6875
158.6875
159.375
159.0625
158.75
159.4375
159.4375
159.125
158.8125
158.5
158.5
158.5
158.5
158.1875
158.875
158.875
158.875
158.875
158.875
158.5625
158.25
158.9375
159.625
159.3125
160.0
159.6875
159.375
159.375
159.375
159.375
159.0625
159.75
159.75
159.75
159.4375
159.4375
159.125
159.125
159.8125
159.5
159.1875
158.875
158.875
158.875
159.5625
159.25
159.25
159.25
159.9375
159.625
159.625
159.625
159.625
159.625
159.625
159.3125
159.0
159.0
158.6875
158.6875
158.6875
158.6875
158.6875
158.375
158.0625
158.0625
157.75
157.75
157.4375
157.125
156.8125
156.5
156.5
156.5
156.1875
156.875
156.5625
157.25
157.25
157.25
156.9375
156.9375
156.9375
156.625
156.625
156.625
156.3125
156.3125
156.3125
156.0
156.0
155.6875
155.375
155.375
155.0625
154.75
155.4375
155.4375
155.4375
155.125
155.125
154.8125
155.5
155.5
155.1875
154.875
154.5625
154.5625
154.5625
155.25
155.25
154.9375
155.625
155.3125
155.0
154.6875
154.375
154.375
154.375
155.0625
154.75
154.75
154.4375
154.4375
154.4375
154.4375
154.125
154.125
153.8125
153.5
153.5
153.5
153.1875
153.875
154.5625
154.5625
154.25
153.9375
153.9375
153.9375
153.625
153.625
153.625
153.625
153.625
153.3125
154.0
154.0
154.0
154.0
154.0
153.6875
153.6875
153.6875
153.6875
153.6875
153.375
153.375
153.0625
153.75
153.4375
153.4375
153.125
153.125
153.125
153.125
153.8125
153.8125
153.8125
153.8125
154.5
154.1875
154.875
155.5625
156.25
156.25
155.9375
155.625
155.625
155.3125
155.3125
155.0
154.6875
154.6875
154.375
154.375
154.0625
154.0625
154.75
154.75
155.4375
156.125
156.8125
156.5
157.1875
157.875
157.5625
157.5625
157.5625
157.5625
157.5625
157.5625
157.25
157.9375
157.625
157.625
157.3125
157.3125
157.3125
157.0
157.6875
157.375
158.0625
158.0625
157.75
157.4375
157.125
157.125
157.125
157.125
157.125
156.8125
156.5
157.1875
157.875
157.5625
157.5625
157.25
157.25
157.25
156.9375
156.625
156.625
156.3125
156.3125
156.3125
156.0
155.6875
155.375
155.375
155.0625
155.0625
154.75
154.75
154.75
154.75
154.4375
154.4375
154.4375
154.125
153.8125
154.5
154.1875
154.1875
154.875
154.875
154.875
154.5625
154.25
154.25
153.9375
153.9375
153.9375
153.9375
153.9375
153.9375
153.9375
153.9375
153.9375
153.625
153.625
153.625
153.3125
153.0
153.0
152.6875
152.375
152.375
152.375
152.0625
152.0625
152.0625
151.75
151.75
151.4375
152.125
152.8125
152.8125
153.5
153.1875
153.875
153.5625
153.5625
153.25
153.9375
153.625
153.625
153.625
153.3125
154.0
154.0
154.0
153.6875
153.6875
153.6875
153.6875
154.375
154.0625
153.75
153.75
153.75
153.4375
153.4375
153.4375
153.4375
153.4375
153.4375
153.125
153.125
152.8125
152.8125
152.8125
152.5
152.1875
152.875
152.875
152.5625
153.25
153.9375
153.9375
153.9375
153.9375
153.625
153.625
153.3125
153.3125
153.3125
153.0
153.0
152.6875
152.375
152.0625
151.75
152.4375
152.125
152.125
152.125
151.8125
152.5
152.5
152.1875
151.875
151.5625
151.5625
151.5625
151.5625
151.5625
151.5625
151.5625
151.25
151.25
150.9375
150.9375
150.625
150.3125
150.3125
150.3125
150.0
149.6875
149.6875
149.6875
149.375
149.375
149.0625
149.0625
149.0625
149.0625
149.0625
148.75
149.4375
150.125
150.125
150.8125
150.5
150.5
150.5
150.5
151.1875
150.875
151.5625
151.5625
152.25
151.9375
151.9375
151.9375
152.625
152.625
152.3125
153.0
152.6875
152.6875
152.375
152.375
152.375
152.0625
151.75
151.4375
151.4375
152.125
152.8125
152.8125
152.5
152.1875
152.1875
151.875
151.5625
151.25
150.9375
150.625
150.3125
151.0
151.6875
151.6875
151.6875
152.375
152.375
152.0625
151.75
151.75
151.75
151.4375
152.125
152.125
152.125
152.125
152.125
152.125
151.8125
152.5
152.5
152.1875
151.875
151.5625
151.5625
152.25
151.9375
151.9375
151.625
151.3125
152.0
152.6875
152.6875
153.375
153.0625
152.75
152.4375
152.125
152.8125
152.8125
153.5
153.1875
152.875
153.5625
154.25
153.9375
153.9375
153.625
153.625
153.625
153.625
153.625
153.3125
153.3125
153.0
153.6875
153.375
153.0625
153.75
153.75
153.4375
154.125
153.8125
154.5
154.5
154.1875
154.875
155.5625
155.25
155.25
154.9375
154.625
155.3125
155.0
155.6875
156.375
156.375
157.0625
156.75
156.75
156.4375
156.4375
156.4375
156.4375
157.125
157.8125
158.5
158.1875
158.1875
157.875
157.5625
158.25
158.25
158.9375
158.625
158.625
158.3125
158.0
158.0
158.0
158.6875
158.375
158.375
158.375
159.0625
159.0625
158.75
158.75
158.4375
158.4375
158.125
158.125
158.125
158.125
157.8125
158.5
159.1875
159.1875
159.1875
158.875
158.875
158.875
158.5625
159.25
158.9375
158.9375
159.625
159.625
159.625
159.625
160.3125
160.3125
160.0
159.6875
159.375
159.375
160.0625
159.75
159.4375
159.125
159.8125
159.8125
159.5
159.5
159.5
159.1875
159.1875
158.875
159.5625
160.25
160.25
160.25
160.9375
161.625
161.625
161.3125
161.0
160.6875
160.6875
160.6875
160.6875
160.6875
160.6875
160.375
160.0625
160.0625
160.0625
159.75
159.4375
159.4375
159.125
159.8125
159.5
159.1875
159.1875
159.1875
159.1875
159.1875
159.1875
159.1875
158.875
158.5625
159.25
158.9375
158.9375
159.625
159.3125
160.0
159.6875
159.375
159.375
160.0625
160.0625
160.0625
159.75
159.4375
159.4375
159.4375
160.125
159.8125
159.8125
159.5
159.1875
158.875
159.5625
159.25
159.9375
159.9375
159.625
159.3125
159.3125
159.0
159.6875
159.6875
159.375
159.375
160.0625
160.0625
160.0625
159.75
159.75
159.4375
159.4375
159.4375
159.125
158.8125
158.8125
158.5
158.1875
158.875
158.875
158.875
158.875
158.875
158.5625
158.5625
158.25
158.9375
158.9375
158.9375
158.625
158.3125
158.3125
158.0
157.6875
157.6875
157.6875
157.6875
157.375
157.375
157.375
157.0625
156.75
156.4375
157.125
156.8125
157.5
157.1875
157.1875
157.875
157.5625
157.25
157.9375
157.625
158.3125
158.3125
158.0
157.6875
157.375
157.0625
157.0625
157.0625
157.0625
157.75
157.75
157.4375
157.125
157.125
157.125
156.8125
156.5
156.1875
155.875
155.875
156.5625
156.25
156.25
155.9375
155.625
155.625
155.3125
155.3125
155.0
155.0
155.0
154.6875
155.375
156.0625
155.75
156.4375
157.125
157.125
157.8125
158.5
158.5
158.1875
158.875
158.875
158.5625
158.25
158.25
157.9375
157.625
157.625
157.625
157.625
158.3125
158.3125
158.0
158.0
158.0
157.6875
157.375
158.0625
157.75
157.75
157.75
157.4375
157.4375
157.4375
157.4375
157.4375
157.125
156.8125
156.8125
156.5
156.1875
155.875
156.5625
156.25
155.9375
155.625
155.3125
155.3125
155.3125
155.3125
156.0
156.0
156.0
155.6875
155.375
155.375
155.375
155.375
156.0625
156.0625
155.75
155.75
156.4375
156.125
155.8125
155.8125
156.5
157.1875
156.875
156.5625
157.25
156.9375
157.625
157.3125
158.0
157.6875
157.6875
157.6875
158.375
158.0625
157.75
158.4375
158.4375
158.4375
158.125
157.8125
157.8125
157.8125
157.8125
157.8125
157.5
157.1875
157.875
157.875
158.5625
158.25
158.9375
158.9375
159.625
159.3125
159.0
159.6875
159.375
160.0625
160.0625
160.0625
160.0625
160.0625
159.75
159.75
159.4375
159.125
158.8125
158.8125
158.5
158.5
158.1875
158.875
158.875
158.5625
159.25
159.25
158.9375
159.625
160.3125
160.0
159.6875
159.375
159.0625
159.0625
158.75
158.4375
158.4375
158.125
158.125
158.125
158.125
157.8125
158.5
158.5
158.1875
158.1875
157.875
157.5625
157.5625
157.5625
158.25
158.25
157.9375
157.9375
157.9375
157.625
158.3125
159.0
159.6875
159.6875
160.375
160.0625
159.75
159.4375
159.125
159.125
158.8125
158.8125
158.8125
158.5
158.1875
157.875
158.5625
158.25
158.25
158.25
158.9375
158.9375
158.9375
158.9375
158.625
159.3125
159.3125
159.0
158.6875
158.6875
158.6875
159.375
159.0625
159.0625
159.0625
159.0625
159.75
159.75
159.75
159.75
159.75
159.4375
159.4375
159.125
158.8125
158.5
158.5
159.1875
158.875
158.5625
158.5625
158.5625
158.25
157.9375
157.625
157.625
157.625
158.3125
158.3125
158.0
157.6875
157.375
157.375
158.0625
158.0625
158.0625
157.75
157.4375
157.4375
157.4375
157.4375
157.4375
157.125
157.125
157.125
157.125
156.8125
156.8125
156.5
157.1875
157.1875
156.875
156.875
156.5625
156.5625
156.25
155.9375
155.9375
155.625
155.3125
156.0
155.6875
155.6875
156.375
156.375
156.375
156.0625
155.75
156.4375
156.125
156.8125
156.5
156.5
156.1875
156.1875
156.1875
155.875
155.5625
155.25
155.25
155.9375
155.625
155.625
155.3125
156.0
155.6875
155.6875
155.6875
155.6875
155.375
156.0625
156.75
156.75
156.4375
156.125
155.8125
155.8125
155.8125
155.5
155.5
155.1875
155.1875
155.875
155.875
156.5625
157.25
156.9375
157.625
157.3125
157.3125
157.3125
157.3125
157.0
156.6875
157.375
157.0625
156.75
156.75
157.4375
157.4375
157.125
156.8125
156.5
156.5
156.5
