-0.3125
-0.3125
-0.3125
0.375
1.0625
0.75
0.75
0.4375
1.125
1.125
0.8125
1.5
2.1875
2.1875
1.875
2.5625
2.25
1.9375
1.9375
1.625
1.625
1.3125
2.0
2.6875
2.6875
2.375
2.375
2.375
2.375
3.0625
3.75
3.4375
3.125
2.8125
2.8125
2.5
3.1875
3.1875
2.875
2.875
2.875
2.875
2.875
3.5625
4.25
4.25
4.25
4.25
4.25
4.25
4.9375
5.625
5.3125
5.3125
5.3125
6.0
6.0
5.6875
6.375
6.375
6.375
6.375
7.0625
7.75
7.75
8.4375
8.4375
8.4375
9.125
9.125
9.8125
9.8125
9.5
10.1875
10.1875
10.875
10.875
10.5625
10.5625
10.25
10.25
9.9375
10.625
10.625
10.625
10.625
10.3125
10.3125
10.3125
10.3125
11.0
11.0
11.0
11.6875
11.6875
11.6875
11.6875
11.375
12.0625
11.75
11.4375
12.125
12.125
11.8125
11.8125
11.8125
11.8125
11.8125
11.8125
12.5
12.5
12.5
12.5
12.5
13.1875
13.1875
13.1875
13.875
14.5625
15.25
15.25
14.9375
14.9375
14.9375
14.9375
14.9375
14.9375
14.9375
14.9375
15.625
15.625
15.3125
15.3125
16.0
16.0
16.0
16.0
16.6875
17.375
17.0625
16.75
16.75
16.4375
17.125
16.8125
16.8125
16.5
16.5
17.1875
17.1875
16.875
16.875
16.5625
17.25
17.25
16.9375
16.625
16.3125
16.3125
16.3125
17.0
17.0
16.6875
16.6875
16.6875
16.6875
17.375
17.375
17.0625
17.0625
17.0625
17.75
17.75
18.4375
18.4375
18.125
18.125
18.125
18.125
18.125
18.8125
18.8125
18.5
18.5
18.5
19.1875
19.1875
18.875
18.875
18.875
18.875
18.875
18.875
19.5625
19.5625
19.25
19.25
19.25
19.25
19.25
19.25
19.9375
20.625
20.625
20.625
21.3125
21.3125
21.0
21.6875
21.6875
21.375
21.375
22.0625
22.75
22.4375
22.4375
22.125
22.125
21.8125
21.8125
21.5
21.5
21.5
22.1875
22.875
22.875
22.5625
22.5625
23.25
23.9375
23.625
23.3125
23.3125
23.3125
24.0
24.6875
24.375
24.0625
24.75
24.75
24.4375
24.4375
25.125
25.8125
25.5
25.5
25.1875
25.1875
25.1875
25.875
25.875
25.875
25.5625
26.25
26.25
25.9375
26.625
26.625
26.3125
27.0
27.0
26.6875
26.6875
26.6875
26.6875
26.6875
26.6875
26.6875
27.375
28.0625
28.0625
28.0625
28.75
29.4375
29.4375
29.125
29.125
29.125
29.125
29.8125
29.8125
29.8125
30.5
31.1875
31.1875
31.1875
31.875
32.5625
32.25
32.25
32.25
32.25
32.9375
32.9375
32.625
32.625
32.625
33.3125
33.3125
33.3125
34.0
33.6875
33.375
34.0625
33.75
33.4375
33.4375
33.125
33.125
32.8125
32.8125
32.8125
33.5
34.1875
33.875
33.875
33.875
34.5625
34.5625
34.25
34.25
34.9375
34.625
34.625
35.3125
35.3125
35.3125
35.3125
35.3125
35.3125
35.3125
35.3125
35.3125
36.0
36.0
35.6875
35.6875
35.6875
35.6875
36.375
37.0625
37.0625
37.0625
37.75
38.4375
38.4375
38.125
38.8125
38.5
38.1875
37.875
37.5625
37.25
36.9375
36.625
36.625
36.625
37.3125
37.3125
37.3125
37.3125
38.0
37.6875
37.6875
37.375
37.375
37.0625
37.0625
36.75
36.75
36.75
37.4375
38.125
37.8125
37.8125
37.8125
38.5
39.1875
38.875
38.875
38.875
38.875
38.875
39.5625
40.25
40.9375
40.625
40.625
40.625
41.3125
41.3125
41.3125
41.3125
41.0
41.6875
41.6875
42.375
43.0625
43.0625
42.75
42.75
42.75
43.4375
44.125
43.8125
43.5
43.5
43.5
44.1875
44.1875
44.1875
44.1875
44.875
44.875
44.5625
45.25
45.9375
46.625
47.3125
47.3125
47.3125
47.3125
47.3125
47.3125
48.0
48.6875
48.375
48.0625
47.75
47.4375
47.4375
47.4375
47.4375
48.125
48.125
47.8125
47.8125
47.8125
48.5
48.5
48.5
48.5
48.5
48.5
48.5
49.1875
49.1875
49.1875
49.875
49.875
49.875
49.875
50.5625
50.5625
51.25
51.25
50.9375
51.625
52.3125
52.0
52.0
51.6875
52.375
52.375
52.0625
52.0625
51.75
52.4375
52.4375
52.4375
53.125
53.8125
53.5
53.5
53.1875
53.1875
53.1875
53.1875
53.1875
53.1875
53.1875
52.875
53.5625
53.25
53.25
53.9375
54.625
54.3125
54.0
54.0
54.0
54.0
53.6875
54.375
54.375
54.0625
54.0625
54.75
54.75
54.75
54.75
54.75
55.4375
55.4375
55.4375
55.4375
56.125
56.8125
56.5
56.1875
56.1875
55.875
55.5625
55.25
55.9375
55.625
55.625
55.3125
55.3125
55.3125
55.3125
55.3125
56.0
56.6875
56.375
56.375
56.375
56.375
56.375
56.375
56.375
57.0625
57.75
57.75
57.75
58.4375
58.4375
58.125
58.8125
59.5
59.5
59.1875
59.875
59.5625
59.5625
59.5625
59.5625
60.25
60.9375
60.9375
60.9375
61.625
62.3125
62.0
62.0
62.0
62.0
62.0
62.0
62.0
62.0
62.6875
62.6875
62.375
62.0625
61.75
62.4375
62.4375
62.125
62.125
62.125
62.125
62.125
62.125
62.125
62.125
62.125
62.125
62.125
62.125
62.8125
63.5
63.1875
63.1875
62.875
62.875
62.875
62.875
62.875
62.875
63.5625
63.5625
63.25
63.25
62.9375
62.9375
62.9375
63.625
63.625
63.3125
64.0
64.6875
64.375
64.0625
64.0625
64.0625
64.75
65.4375
65.4375
65.125
65.8125
65.8125
65.8125
65.8125
66.5
67.1875
66.875
67.5625
67.5625
67.5625
68.25
67.9375
67.9375
67.9375
67.9375
67.9375
68.625
68.625
69.3125
70.0
70.0
70.0
70.0
70.0
70.0
70.0
70.0
70.6875
71.375
71.375
71.375
72.0625
72.0625
72.0625
72.0625
72.0625
72.0625
72.75
72.75
72.75
73.4375
73.4375
73.125
73.125
72.8125
72.8125
72.8125
73.5
74.1875
74.1875
73.875
74.5625
74.25
74.25
74.25
74.9375
74.9375
74.9375
74.9375
74.625
75.3125
75.3125
75.3125
75.3125
75.3125
75.3125
75.3125
76.0
76.0
76.6875
76.6875
76.6875
76.6875
76.6875
76.6875
76.6875
76.6875
77.375
77.375
77.0625
77.0625
77.0625
77.75
77.75
77.75
77.75
78.4375
78.125
78.125
78.125
78.125
78.125
78.8125
78.8125
78.5
78.5
78.5
79.1875
79.875
79.5625
79.5625
79.25
79.9375
79.9375
79.625
79.625
79.625
79.625
79.625
79.625
79.625
79.625
80.3125
80.3125
80.3125
80.3125
80.3125
81.0
81.0
81.0
81.0
81.6875
82.375
82.375
83.0625
83.75
83.75
83.4375
84.125
84.125
83.8125
84.5
85.1875
85.1875
84.875
84.875
84.875
85.5625
85.5625
85.25
85.25
85.25
85.9375
86.625
86.3125
87.0
87.0
86.6875
87.375
87.0625
87.0625
86.75
87.4375
87.4375
87.4375
87.4375
88.125
88.8125
88.5
88.5
88.5
88.5
88.5
89.1875
89.1875
88.875
88.875
88.5625
88.5625
88.25
88.25
87.9375
88.625
88.625
88.625
88.625
88.625
88.3125
88.3125
88.3125
89.0
89.0
89.6875
90.375
90.0625
90.0625
90.0625
90.75
91.4375
91.125
90.8125
90.8125
90.5
91.1875
90.875
90.5625
90.25
89.9375
89.9375
89.9375
89.9375
89.9375
89.9375
89.9375
90.625
90.625
90.625
91.3125
91.3125
91.3125
92.0
91.6875
91.6875
91.6875
92.375
92.375
92.375
92.375
92.375
92.375
92.375
92.375
92.375
92.375
93.0625
93.0625
93.75
94.4375
94.125
94.125
94.8125
95.5
95.1875
95.1875
94.875
95.5625
95.5625
95.5625
96.25
96.9375
96.625
96.625
96.625
96.625
97.3125
98.0
97.6875
97.6875
97.6875
97.6875
97.6875
97.6875
97.6875
98.375
98.375
98.375
98.375
98.375
98.375
99.0625
99.75
99.75
99.4375
99.4375
99.125
99.125
99.125
99.8125
99.8125
99.5
99.5
99.1875
99.1875
98.875
99.5625
99.25
98.9375
98.625
98.3125
99.0
99.6875
99.375
99.0625
98.75
98.75
98.75
99.4375
99.4375
99.4375
100.125
100.125
99.8125
99.8125
99.5
99.5
99.1875
99.875
99.875
99.875
99.875
99.5625
99.5625
99.25
99.9375
99.9375
99.625
100.3125
100.0
100.0
100.0
100.6875
101.375
101.0625
100.75
100.75
100.4375
100.4375
100.4375
100.4375
101.125
101.125
100.8125
101.5
101.1875
101.875
101.875
101.5625
101.5625
101.5625
101.5625
102.25
102.25
102.25
102.9375
103.625
103.625
103.3125
104.0
104.0
103.6875
103.6875
103.375
104.0625
103.75
103.75
103.4375
104.125
103.8125
103.8125
103.8125
104.5
104.5
104.5
104.5
104.5
105.1875
105.1875
104.875
105.5625
105.5625
105.5625
105.5625
105.5625
105.5625
105.5625
105.5625
106.25
106.9375
106.625
106.3125
106.3125
106.3125
106.3125
106.0
106.0
106.0
106.0
106.6875
107.375
107.375
107.375
107.375
107.375
108.0625
108.0625
107.75
107.75
107.4375
107.125
107.125
107.125
106.8125
106.8125
106.5
106.1875
106.1875
106.1875
106.1875
106.1875
105.875
105.5625
105.5625
105.5625
105.25
104.9375
104.9375
104.625
104.3125
104.3125
105.0
105.0
104.6875
104.6875
105.375
105.375
105.375
105.0625
104.75
104.4375
104.4375
104.125
103.8125
104.5
104.1875
103.875
104.5625
104.25
104.25
104.9375
104.9375
104.625
104.3125
104.3125
104.3125
104.3125
104.3125
104.0
103.6875
103.6875
103.375
103.375
103.375
103.0625
102.75
102.75
102.4375
102.125
102.8125
102.8125
102.8125
102.5
102.5
103.1875
103.1875
103.1875
103.1875
102.875
102.5625
103.25
103.25
103.25
103.25
103.25
103.25
103.25
103.25
103.25
102.9375
102.625
102.3125
102.3125
102.3125
102.3125
102.0
101.6875
101.6875
101.375
101.375
101.0625
100.75
101.4375
101.4375
101.4375
101.4375
101.125
101.125
100.8125
100.5
101.1875
101.875
101.875
101.5625
101.5625
101.5625
101.25
100.9375
100.9375
100.9375
100.9375
100.9375
100.9375
100.625
100.625
100.625
100.625
100.3125
100.3125
101.0
100.6875
100.6875
100.375
100.0625
99.75
100.4375
100.4375
100.125
100.125
100.125
99.8125
99.5
99.5
99.5
99.1875
99.1875
99.1875
99.1875
98.875
98.875
98.5625
98.5625
98.5625
98.25
98.25
98.25
98.25
98.25
97.9375
97.625
98.3125
98.3125
98.0
98.0
98.0
98.0
98.0
97.6875
97.375
97.375
97.0625
97.0625
96.75
96.4375
96.4375
96.4375
96.4375
96.4375
96.4375
96.4375
96.125
95.8125
95.8125
96.5
96.1875
96.1875
96.1875
95.875
95.875
95.875
95.5625
95.5625
95.25
94.9375
95.625
95.3125
95.3125
96.0
95.6875
95.375
95.375
95.375
95.0625
95.0625
95.0625
95.0625
95.0625
95.0625
95.0625
95.0625
94.75
94.4375
94.4375
94.4375
94.4375
94.4375
94.4375
94.4375
94.4375
94.125
93.8125
93.8125
93.8125
93.5
93.1875
92.875
92.875
93.5625
93.5625
93.25
92.9375
92.9375
92.625
92.625
92.3125
92.0
92.0
92.0
91.6875
91.375
91.0625
91.75
91.75
91.75
91.75
91.75
91.4375
91.4375
91.125
90.8125
90.8125
90.5
90.5
90.5
90.5
90.1875
89.875
89.5625
89.5625
89.5625
89.5625
89.5625
89.5625
89.5625
89.5625
89.5625
89.5625
89.5625
89.5625
89.25
89.25
89.9375
89.9375
89.9375
89.625
89.625
89.3125
89.3125
89.3125
89.3125
89.0
88.6875
88.375
88.375
89.0625
88.75
88.75
88.4375
88.125
87.8125
87.8125
88.5
88.5
88.5
88.1875
87.875
87.5625
87.5625
88.25
88.25
88.25
87.9375
87.625
87.3125
87.0
87.0
87.0
87.0
86.6875
86.6875
86.6875
86.375
86.0625
85.75
85.4375
85.4375
85.4375
85.4375
85.125
84.8125
84.5
84.5
84.1875
83.875
83.5625
84.25
83.9375
83.9375
83.9375
83.625
83.3125
83.3125
83.3125
83.0
82.6875
82.375
82.375
82.0625
81.75
81.75
81.75
81.4375
81.4375
81.4375
81.4375
81.125
81.125
80.8125
80.8125
80.8125
80.8125
80.8125
80.8125
80.5
80.5
80.1875
80.1875
79.875
79.5625
79.5625
79.5625
79.5625
79.5625
79.5625
79.25
79.25
79.25
78.9375
78.625
78.3125
78.3125
78.3125
78.3125
78.3125
78.3125
78.3125
78.0
77.6875
78.375
78.375
78.375
78.0625
78.0625
77.75
77.75
77.4375
77.4375
77.4375
77.4375
77.4375
77.125
76.8125
77.5
77.5
77.5
77.1875
77.1875
76.875
76.5625
76.5625
76.5625
76.25
75.9375
75.9375
76.625
76.625
76.3125
76.0
75.6875
75.6875
75.6875
75.375
75.0625
75.0625
75.0625
75.0625
74.75
74.75
74.75
74.4375
74.4375
74.4375
74.4375
74.4375
74.125
74.125
73.8125
73.8125
73.8125
73.8125
73.5
73.5
73.5
73.5
73.5
73.1875
72.875
72.5625
72.5625
72.5625
72.25
72.25
72.25
72.25
72.25
72.25
71.9375
71.9375
71.625
71.3125
71.3125
71.3125
71.0
70.6875
70.6875
70.375
70.0625
70.0625
70.0625
69.75
69.75
69.4375
69.125
69.125
69.125
68.8125
68.8125
69.5
69.5
69.5
69.1875
69.1875
68.875
68.5625
69.25
69.25
68.9375
68.9375
68.625
68.625
68.625
68.3125
68.3125
68.0
68.0
68.6875
68.6875
69.375
69.375
69.0625
69.0625
68.75
68.75
68.75
68.75
68.4375
68.125
68.125
68.125
67.8125
67.8125
67.8125
67.8125
67.8125
67.8125
67.8125
67.5
67.5
67.1875
67.1875
67.875
67.5625
67.5625
68.25
68.25
68.25
68.25
67.9375
67.625
67.625
68.3125
68.0
68.0
67.6875
67.6875
67.6875
67.6875
67.6875
67.375
67.0625
67.0625
67.75
67.75
67.75
67.75
67.4375
67.4375
68.125
68.125
68.125
68.125
68.125
68.125
68.125
68.125
67.8125
67.5
67.5
67.5
67.1875
67.1875
67.1875
66.875
66.5625
66.5625
66.5625
66.25
65.9375
65.9375
65.625
65.625
65.3125
65.3125
65.0
64.6875
64.6875
64.375
64.375
64.375
64.375
64.375
64.0625
64.0625
63.75
63.75
63.75
63.75
63.75
63.75
63.4375
63.125
63.8125
63.8125
63.8125
63.8125
63.8125
63.5
63.1875
63.875
63.5625
63.5625
63.5625
63.25
62.9375
62.9375
63.625
63.3125
63.3125
63.0
62.6875
62.6875
62.375
62.0625
61.75
61.75
61.4375
61.4375
61.4375
61.125
60.8125
61.5
61.5
61.1875
61.1875
60.875
60.5625
60.5625
60.25
60.25
59.9375
59.9375
59.625
59.3125
60.0
60.0
60.0
60.0
60.0
59.6875
59.6875
59.375
59.0625
58.75
58.4375
58.4375
58.4375
58.125
57.8125
57.5
57.1875
57.1875
57.1875
56.875
56.875
56.875
56.5625
56.5625
56.25
56.25
55.9375
55.9375
55.9375
55.9375
55.9375
55.9375
55.9375
55.9375
55.9375
55.9375
55.9375
55.9375
55.9375
55.9375
55.625
55.3125
55.0
54.6875
55.375
56.0625
56.0625
56.0625
55.75
55.75
55.75
55.75
55.75
55.4375
55.4375
56.125
56.125
55.8125
55.8125
55.8125
55.5
55.5
55.5
55.5
55.5
55.5
55.1875
55.1875
55.1875
54.875
54.5625
55.25
55.25
55.25
54.9375
54.625
55.3125
55.0
55.0
54.6875
54.6875
54.375
54.375
54.0625
53.75
53.75
53.75
53.4375
53.4375
53.4375
53.4375
53.4375
53.125
53.125
52.8125
52.8125
53.5
53.1875
53.1875
53.1875
53.1875
53.1875
53.1875
52.875
52.5625
52.25
51.9375
51.625
51.625
51.625
51.625
51.3125
51.0
51.0
51.6875
51.6875
51.6875
51.375
51.0625
51.0625
51.75
51.4375
51.4375
51.4375
51.4375
51.4375
51.125
50.8125
50.8125
50.8125
50.5
50.5
50.1875
49.875
49.5625
49.5625
49.5625
49.25
48.9375
48.625
48.625
48.3125
48.3125
48.3125
48.3125
48.3125
48.3125
48.0
48.0
47.6875
47.375
47.0625
47.75
47.4375
47.4375
47.4375
47.4375
47.125
46.8125
46.5
46.5
46.5
46.5
46.5
46.5
46.5
46.1875
45.875
45.5625
45.25
44.9375
44.9375
45.625
45.3125
45.3125
45.3125
45.3125
45.0
45.0
45.0
44.6875
44.375
44.0625
43.75
43.75
43.4375
43.125
43.125
43.8125
43.8125
43.8125
43.8125
43.8125
43.8125
43.5
43.1875
43.1875
43.1875
43.1875
43.1875
42.875
42.875
42.5625
42.5625
42.25
42.25
42.9375
42.625
42.625
42.3125
42.0
41.6875
41.6875
41.375
41.0625
41.75
41.75
41.4375
41.4375
41.4375
41.4375
41.4375
41.4375
41.4375
41.4375
41.125
40.8125
40.5
40.5
40.1875
40.1875
40.1875
40.1875
39.875
39.875
39.875
39.875
39.5625
39.25
39.25
39.9375
39.9375
39.9375
39.625
39.625
40.3125
40.3125
40.3125
40.0
39.6875
39.6875
39.6875
39.6875
39.375
39.375
40.0625
40.0625
39.75
39.4375
39.125
39.125
38.8125
38.8125
38.5
38.5
38.1875
37.875
37.875
37.875
37.5625
37.5625
37.25
37.25
37.25
37.25
36.9375
36.9375
36.9375
36.9375
36.9375
36.9375
36.9375
36.625
36.3125
36.0
36.0
36.0
36.0
36.0
36.0
35.6875
35.6875
36.375
36.0625
36.0625
36.0625
36.0625
35.75
35.4375
35.4375
36.125
36.125
36.125
36.125
36.125
36.125
35.8125
35.8125
35.5
35.5
35.1875
34.875
34.875
34.875
34.875
34.875
34.875
34.5625
34.25
34.25
34.9375
34.9375
34.625
34.3125
34.0
33.6875
33.6875
33.375
33.0625
33.75
33.75
33.75
33.75
33.75
33.75
33.4375
33.4375
33.4375
33.4375
33.125
32.8125
33.5
33.1875
32.875
32.5625
32.25
32.9375
32.9375
32.9375
32.9375
32.9375
32.9375
32.9375
32.625
32.625
32.625
32.3125
32.0
32.0
32.0
32.0
32.0
31.6875
31.6875
32.375
32.0625
31.75
32.4375
32.4375
32.125
31.8125
31.5
31.5
31.5
31.5
31.1875
30.875
30.875
30.875
30.875
30.875
30.5625
30.25
29.9375
30.625
31.3125
31.0
30.6875
30.375
30.375
30.375
30.375
31.0625
30.75
30.75
30.75
30.4375
30.4375
30.125
30.125
29.8125
30.5
30.1875
30.875
30.875
30.875
31.5625
31.25
31.25
31.25
30.9375
30.625
30.625
30.625
30.625
30.625
30.625
30.3125
30.0
30.0
30.6875
30.6875
30.6875
30.6875
30.6875
30.375
30.0625
30.0625
29.75
29.75
29.4375
29.125
28.8125
28.5
28.5
28.5
28.1875
28.875
28.5625
28.25
28.25
28.25
27.9375
27.9375
27.9375
27.625
27.625
27.625
27.3125
27.3125
27.3125
27.0
27.0
26.6875
26.375
26.375
26.0625
26.75
27.4375
27.4375
27.4375
27.125
27.125
26.8125
26.5
26.5
26.1875
25.875
26.5625
26.5625
26.5625
26.25
26.25
26.9375
26.625
26.3125
26.0
26.6875
27.375
27.375
27.375
27.0625
26.75
26.75
26.4375
26.4375
26.4375
26.4375
26.125
26.125
25.8125
25.5
25.5
25.5
26.1875
26.875
26.5625
26.5625
26.25
25.9375
25.9375
25.9375
25.625
25.625
25.625
25.625
25.625
26.3125
26.0
26.0
26.0
26.0
26.0
25.6875
25.6875
25.6875
25.6875
25.6875
25.375
25.375
26.0625
25.75
26.4375
26.4375
27.125
27.125
27.125
27.125
26.8125
26.8125
26.8125
26.8125
26.5
27.1875
27.875
27.5625
27.25
27.25
26.9375
26.625
26.625
26.3125
26.3125
26.0
25.6875
25.6875
26.375
26.375
27.0625
27.0625
26.75
26.75
27.4375
28.125
27.8125
28.5
29.1875
28.875
29.5625
29.5625
29.5625
29.5625
29.5625
29.5625
30.25
29.9375
30.625
30.625
31.3125
31.3125
31.3125
32.0
31.6875
32.375
33.0625
33.0625
32.75
33.4375
34.125
34.125
34.125
34.125
34.125
33.8125
34.5
35.1875
34.875
35.5625
35.5625
36.25
36.25
36.25
36.9375
36.625
36.625
36.3125
36.3125
36.3125
36.0
35.6875
35.375
35.375
35.0625
35.0625
34.75
34.75
34.75
34.75
34.4375
34.4375
34.4375
34.125
34.8125
34.5
35.1875
35.1875
34.875
34.875
34.875
34.5625
34.25
34.25
34.9375
34.9375
34.9375
34.9375
34.9375
34.9375
34.9375
34.9375
34.9375
34.625
34.625
34.625
35.3125
35.0
35.0
34.6875
34.375
34.375
34.375
34.0625
34.0625
34.0625
33.75
33.75
34.4375
35.125
34.8125
34.8125
35.5
35.1875
34.875
34.5625
34.5625
34.25
33.9375
34.625
34.625
34.625
35.3125
35.0
35.0
35.0
34.6875
34.6875
34.6875
34.6875
34.375
34.0625
33.75
33.75
33.75
33.4375
33.4375
33.4375
33.4375
33.4375
33.4375
33.125
33.125
32.8125
32.8125
32.8125
32.5
33.1875
33.875
33.875
34.5625
35.25
34.9375
34.9375
34.9375
34.9375
34.625
34.625
34.3125
34.3125
34.3125
34.0
34.0
33.6875
33.375
33.0625
32.75
32.4375
33.125
33.125
33.125
33.8125
33.5
33.5
33.1875
33.875
33.5625
33.5625
33.5625
33.5625
33.5625
33.5625
33.5625
33.25
33.25
33.9375
33.9375
33.625
33.3125
33.3125
33.3125
33.0
32.6875
32.6875
32.6875
32.375
32.375
33.0625
33.0625
33.0625
33.0625
33.0625
33.75
34.4375
34.125
34.125
34.8125
34.5
34.5
34.5
34.5
34.1875
34.875
35.5625
35.5625
35.25
34.9375
34.9375
34.9375
34.625
34.625
35.3125
35.0
35.6875
35.6875
36.375
36.375
36.375
37.0625
36.75
37.4375
37.4375
37.125
36.8125
36.8125
36.5
36.1875
36.1875
35.875
35.5625
35.25
34.9375
34.625
35.3125
36.0
35.6875
35.6875
35.6875
35.375
35.375
35.0625
34.75
34.75
34.75
35.4375
35.125
35.125
35.125
35.125
35.125
35.125
35.8125
35.5
35.5
35.1875
35.875
36.5625
36.5625
36.25
35.9375
35.9375
36.625
36.3125
36.0
36.6875
36.6875
36.375
36.0625
35.75
35.4375
36.125
36.8125
36.8125
36.5
36.1875
36.875
37.5625
37.25
37.9375
37.9375
38.625
38.625
38.625
38.625
38.625
38.3125
38.3125
38.0
38.6875
38.375
39.0625
39.75
39.75
40.4375
40.125
40.8125
41.5
41.5
42.1875
42.875
42.5625
43.25
43.25
43.9375
44.625
44.3125
45.0
45.6875
45.375
45.375
45.0625
44.75
44.75
44.4375
44.4375
44.4375
44.4375
45.125
44.8125
44.5
44.1875
44.1875
43.875
44.5625
45.25
45.25
44.9375
44.625
44.625
44.3125
44.0
44.0
44.0
44.6875
44.375
44.375
44.375
44.0625
44.0625
43.75
43.75
43.4375
43.4375
43.125
43.125
43.125
43.125
43.8125
44.5
44.1875
44.1875
44.1875
43.875
43.875
43.875
44.5625
44.25
44.9375
44.9375
44.625
44.625
44.625
44.625
44.3125
44.3125
44.0
43.6875
44.375
44.375
44.0625
44.75
44.4375
45.125
45.8125
45.8125
46.5
46.5
46.5
46.1875
46.1875
46.875
47.5625
47.25
47.25
47.25
47.9375
47.625
47.625
47.3125
47.0
46.6875
46.6875
46.6875
46.6875
46.6875
46.6875
46.375
46.0625
46.0625
46.0625
45.75
45.4375
45.4375
45.125
44.8125
45.5
45.1875
45.1875
45.1875
45.1875
45.1875
45.1875
45.1875
45.875
46.5625
46.25
46.9375
46.9375
46.625
47.3125
47.0
47.6875
48.375
48.375
48.0625
48.0625
48.0625
47.75
47.4375
47.4375
47.4375
48.125
47.8125
47.8125
47.5
47.1875
46.875
47.5625
47.25
46.9375
46.9375
46.625
46.3125
46.3125
46.0
45.6875
45.6875
45.375
45.375
46.0625
46.0625
46.0625
45.75
45.75
45.4375
45.4375
45.4375
45.125
44.8125
44.8125
44.5
45.1875
45.875
45.875
45.875
45.875
45.875
45.5625
45.5625
45.25
44.9375
44.9375
44.9375
44.625
44.3125
44.3125
45.0
44.6875
44.6875
44.6875
44.6875
44.375
44.375
44.375
44.0625
44.75
44.4375
44.125
44.8125
44.5
45.1875
45.1875
44.875
44.5625
44.25
44.9375
44.625
44.3125
44.3125
44.0
43.6875
43.375
44.0625
44.0625
44.0625
44.0625
43.75
43.75
43.4375
43.125
43.125
43.125
42.8125
42.5
42.1875
42.875
42.875
42.5625
42.25
42.25
41.9375
41.625
41.625
42.3125
42.3125
43.0
43.0
43.0
43.6875
44.375
44.0625
44.75
45.4375
45.125
45.125
45.8125
45.5
45.5
46.1875
45.875
45.875
45.5625
45.25
45.25
44.9375
44.625
44.625
44.625
44.625
44.3125
44.3125
44.0
44.0
44.0
44.6875
45.375
45.0625
45.75
45.75
45.75
45.4375
45.4375
45.4375
45.4375
45.4375
45.125
44.8125
44.8125
44.5
44.1875
43.875
43.5625
43.25
42.9375
43.625
43.3125
43.3125
43.3125
43.3125
43.0
43.0
43.0
42.6875
42.375
42.375
42.375
42.375
42.0625
42.0625
42.75
42.75
42.4375
42.125
42.8125
42.8125
42.5
43.1875
42.875
43.5625
44.25
43.9375
43.625
43.3125
44.0
43.6875
43.6875
43.6875
43.375
43.0625
42.75
43.4375
43.4375
43.4375
43.125
42.8125
42.8125
42.8125
42.8125
42.8125
42.5
43.1875
43.875
43.875
43.5625
44.25
44.9375
44.9375
44.625
45.3125
45.0
44.6875
45.375
46.0625
46.0625
46.0625
46.0625
46.0625
45.75
45.75
46.4375
47.125
47.8125
47.8125
48.5
48.5
49.1875
48.875
48.875
49.5625
49.25
49.25
49.9375
50.625
50.3125
50.0
49.6875
50.375
50.0625
50.0625
49.75
49.4375
49.4375
49.125
49.125
49.125
49.125
48.8125
48.5
48.5
49.1875
49.1875
48.875
48.5625
48.5625
48.5625
48.25
48.25
48.9375
48.9375
48.9375
49.625
50.3125
50.0
49.6875
49.6875
49.375
49.0625
48.75
48.4375
48.125
48.125
47.8125
47.8125
47.8125
47.5
48.1875
48.875
48.5625
49.25
49.25
49.25
48.9375
48.9375
48.9375
48.9375
49.625
49.3125
49.3125
49.0
48.6875
48.6875
48.6875
49.375
49.0625
49.0625
49.0625
49.0625
48.75
48.75
48.75
48.75
48.75
48.4375
48.4375
48.125
47.8125
47.5
47.5
48.1875
47.875
48.5625
48.5625
48.5625
48.25
47.9375
47.625
47.625
47.625
47.3125
47.3125
47.0
47.6875
48.375
48.375
48.0625
48.0625
48.0625
47.75
47.4375
47.4375
47.4375
47.4375
47.4375
47.125
47.125
47.125
47.125
46.8125
46.8125
46.5
46.1875
46.1875
46.875
46.875
47.5625
47.5625
48.25
47.9375
47.9375
48.625
49.3125
49.0
49.6875
49.6875
49.375
49.375
49.375
50.0625
50.75
50.4375
51.125
50.8125
51.5
51.5
52.1875
52.1875
52.1875
52.875
52.5625
53.25
53.25
52.9375
52.625
52.625
52.3125
53.0
53.6875
53.6875
53.6875
53.6875
54.375
55.0625
54.75
54.75
54.4375
54.125
53.8125
53.8125
53.8125
53.5
53.5
53.1875
53.1875
53.875
53.875
53.5625
53.25
53.9375
53.625
54.3125
54.3125
54.3125
54.3125
54.0
54.6875
54.375
54.0625
53.75
53.75
54.4375
54.4375
54.125
53.8125
53.5
53.5
53.5
