0.6875
0.6875
0.6875
0.375
0.0625
-0.25
-0.25
-0.5625
-0.875
-0.875
-1.1875
-1.5
-0.8125
-0.8125
-0.125
-0.4375
-0.75
-0.0625
-0.0625
-0.375
-0.375
0.3125
0.0
0.6875
0.6875
1.375
1.375
1.375
1.375
1.0625
0.75
0.4375
0.125
-0.1875
-0.1875
0.5
0.1875
0.1875
0.875
0.875
0.875
0.875
0.875
0.5625
0.25
0.25
0.25
0.25
0.25
0.25
-0.0625
0.625
1.3125
1.3125
1.3125
1.0
1.0
1.6875
1.375
1.375
1.375
1.375
1.0625
1.75
1.75
1.4375
1.4375
1.4375
1.125
1.125
0.8125
0.8125
0.5
0.1875
0.1875
-0.125
-0.125
-0.4375
-0.4375
-0.75
-0.75
-1.0625
-1.375
-1.375
-1.375
-1.375
-1.6875
-1.6875
-1.6875
-1.6875
-1.0
-1.0
-1.0
-0.3125
-0.3125
-0.3125
-0.3125
-0.625
0.0625
-0.25
-0.5625
-0.875
-0.875
-1.1875
-1.1875
-1.1875
-1.1875
-1.1875
-1.1875
-1.5
-1.5
-1.5
-1.5
-1.5
-1.8125
-1.8125
-1.8125
-1.125
-1.4375
-0.75
-0.75
-1.0625
-1.0625
-1.0625
-1.0625
-1.0625
-1.0625
-1.0625
-1.0625
-1.375
-1.375
-1.6875
-1.6875
-2.0
-2.0
-2.0
-2.0
-2.3125
-2.625
-2.9375
-2.25
-2.25
-2.5625
-1.875
-2.1875
-2.1875
-2.5
-2.5
-2.8125
-2.8125
-3.125
-3.125
-3.4375
-3.75
-3.75
-4.0625
-3.375
-2.6875
-2.6875
-2.6875
-3.0
-3.0
-2.3125
-2.3125
-2.3125
-2.3125
-2.625
-2.625
-2.9375
-2.9375
-2.9375
-3.25
-3.25
-3.5625
-3.5625
-3.875
-3.875
-3.875
-3.875
-3.875
-3.1875
-3.1875
-3.5
-3.5
-3.5
-3.8125
-3.8125
-3.125
-3.125
-3.125
-3.125
-3.125
-3.125
-3.4375
-3.4375
-3.75
-3.75
-3.75
-3.75
-3.75
-3.75
-4.0625
-4.375
-4.375
-4.375
-3.6875
-3.6875
-4.0
-3.3125
-3.3125
-3.625
-3.625
-2.9375
-3.25
-3.5625
-3.5625
-3.875
-3.875
-3.1875
-3.1875
-3.5
-3.5
-3.5
-2.8125
-3.125
-3.125
-2.4375
-2.4375
-1.75
-2.0625
-2.375
-2.6875
-2.6875
-2.6875
-3.0
-3.3125
-2.625
-1.9375
-2.25
-2.25
-1.5625
-1.5625
-1.875
-2.1875
-2.5
-2.5
-2.8125
-2.8125
-2.8125
-3.125
-3.125
-3.125
-3.4375
-2.75
-2.75
-3.0625
-2.375
-2.375
-2.6875
-3.0
-3.0
-2.3125
-2.3125
-2.3125
-2.3125
-2.3125
-2.3125
-2.3125
-2.625
-2.9375
-2.9375
-2.9375
-2.25
-2.5625
-2.5625
-1.875
-1.875
-1.875
-1.875
-2.1875
-2.1875
-2.1875
-2.5
-2.8125
-2.8125
-2.8125
-3.125
-3.4375
-2.75
-2.75
-2.75
-2.75
-2.0625
-2.0625
-2.375
-2.375
-2.375
-2.6875
-2.6875
-2.6875
-2.0
-2.3125
-2.625
-1.9375
-2.25
-2.5625
-2.5625
-2.875
-2.875
-3.1875
-3.1875
-3.1875
-3.5
-3.8125
-3.125
-3.125
-3.125
-3.4375
-3.4375
-3.75
-3.75
-3.0625
-3.375
-3.375
-2.6875
-2.6875
-2.6875
-2.6875
-2.6875
-2.6875
-2.6875
-2.6875
-2.6875
-2.0
-2.0
-2.3125
-2.3125
-2.3125
-2.3125
-2.625
-1.9375
-1.9375
-1.9375
-2.25
-2.5625
-2.5625
-2.875
-2.1875
-1.5
-1.8125
-1.125
-1.4375
-1.75
-2.0625
-2.375
-2.375
-2.375
-2.6875
-2.6875
-2.6875
-2.6875
-3.0
-3.3125
-3.3125
-3.625
-3.625
-2.9375
-2.9375
-3.25
-3.25
-3.25
-3.5625
-3.875
-3.1875
-3.1875
-3.1875
-3.5
-2.8125
-3.125
-3.125
-3.125
-3.125
-3.125
-3.4375
-3.75
-4.0625
-3.375
-3.375
-3.375
-3.6875
-3.6875
-3.6875
-3.6875
-4.0
-3.3125
-3.3125
-3.625
-2.9375
-2.9375
-3.25
-3.25
-3.25
-2.5625
-2.875
-2.1875
-2.5
-2.5
-2.5
-1.8125
-1.8125
-1.8125
-1.8125
-2.125
-2.125
-2.4375
-1.75
-2.0625
-1.375
-0.6875
-0.6875
-0.6875
-0.6875
-0.6875
-0.6875
-1.0
-1.3125
-1.625
-1.9375
-2.25
-2.5625
-2.5625
-2.5625
-2.5625
-2.875
-2.875
-3.1875
-3.1875
-3.1875
-2.5
-2.5
-2.5
-2.5
-2.5
-2.5
-2.5
-1.8125
-1.8125
-1.8125
-2.125
-2.125
-2.125
-2.125
-2.4375
-2.4375
-1.75
-1.75
-2.0625
-1.375
-1.6875
-2.0
-2.0
-2.3125
-2.625
-2.625
-2.9375
-2.9375
-2.25
-2.5625
-2.5625
-2.5625
-2.875
-2.1875
-1.5
-1.5
-0.8125
-0.8125
-0.8125
-0.8125
-0.8125
-0.8125
-0.8125
-1.125
-0.4375
0.25
0.25
-0.0625
-0.375
0.3125
1.0
1.0
1.0
1.0
1.6875
1.375
1.375
1.0625
1.0625
0.75
0.75
0.75
0.75
0.75
0.4375
0.4375
0.4375
0.4375
0.125
0.8125
1.5
2.1875
2.1875
1.875
1.5625
1.25
0.9375
0.625
0.625
1.3125
1.3125
1.3125
1.3125
1.3125
2.0
1.6875
1.375
1.375
1.375
1.375
1.375
1.375
1.375
1.0625
0.75
0.75
0.75
0.4375
0.4375
1.125
1.8125
1.5
1.5
1.1875
1.875
2.5625
2.5625
2.5625
2.5625
2.25
2.9375
2.9375
2.9375
3.625
3.3125
3.0
3.0
3.0
3.0
3.0
3.0
3.0
3.0
3.6875
3.6875
3.375
4.0625
4.75
4.4375
4.4375
4.125
4.125
4.125
4.125
4.125
4.125
4.125
4.125
4.125
4.125
4.125
4.125
3.8125
3.5
3.1875
3.1875
3.875
3.875
3.875
3.875
3.875
3.875
3.5625
3.5625
3.25
3.25
3.9375
3.9375
3.9375
3.625
3.625
3.3125
3.0
2.6875
2.375
3.0625
3.0625
3.0625
2.75
3.4375
3.4375
4.125
4.8125
4.8125
4.8125
4.8125
4.5
5.1875
4.875
5.5625
5.5625
5.5625
5.25
5.9375
5.9375
5.9375
5.9375
5.9375
5.625
5.625
5.3125
5.0
5.0
5.0
5.0
5.0
5.0
5.0
5.0
4.6875
4.375
4.375
4.375
5.0625
5.0625
5.0625
5.0625
5.0625
5.0625
4.75
4.75
4.75
5.4375
5.4375
5.125
5.125
4.8125
4.8125
4.8125
4.5
4.1875
4.1875
3.875
3.5625
4.25
4.25
4.25
3.9375
3.9375
3.9375
3.9375
3.625
3.3125
3.3125
3.3125
3.3125
3.3125
3.3125
3.3125
3.0
3.0
2.6875
2.6875
2.6875
2.6875
2.6875
2.6875
2.6875
2.6875
2.375
2.375
2.0625
2.0625
2.0625
1.75
1.75
1.75
1.75
1.4375
1.125
1.125
1.125
1.125
1.125
1.8125
1.8125
1.5
1.5
1.5
2.1875
2.875
3.5625
3.5625
4.25
3.9375
3.9375
3.625
3.625
3.625
3.625
3.625
3.625
3.625
3.625
3.3125
3.3125
3.3125
3.3125
3.3125
3.0
3.0
3.0
3.0
2.6875
3.375
3.375
3.0625
3.75
3.75
3.4375
4.125
4.125
3.8125
4.5
5.1875
5.1875
4.875
4.875
4.875
4.5625
4.5625
5.25
5.25
5.25
4.9375
4.625
4.3125
5.0
5.0
4.6875
4.375
4.0625
4.0625
3.75
3.4375
3.4375
3.4375
3.4375
4.125
4.8125
5.5
5.5
5.5
5.5
5.5
6.1875
6.1875
5.875
5.875
5.5625
5.5625
5.25
5.25
4.9375
4.625
4.625
4.625
4.625
4.625
5.3125
5.3125
5.3125
5.0
5.0
5.6875
6.375
6.0625
6.0625
6.0625
5.75
5.4375
6.125
6.8125
6.8125
6.5
7.1875
6.875
6.5625
6.25
5.9375
5.9375
5.9375
5.9375
5.9375
5.9375
5.9375
5.625
5.625
5.625
5.3125
5.3125
5.3125
5.0
4.6875
4.6875
4.6875
4.375
4.375
4.375
4.375
4.375
4.375
4.375
4.375
4.375
4.375
4.0625
4.0625
3.75
3.4375
3.125
3.125
2.8125
3.5
4.1875
4.1875
4.875
5.5625
5.5625
5.5625
5.25
4.9375
5.625
5.625
5.625
5.625
6.3125
7.0
6.6875
6.6875
6.6875
6.6875
6.6875
6.6875
6.6875
6.375
6.375
6.375
6.375
6.375
6.375
6.0625
5.75
5.75
5.4375
5.4375
6.125
6.125
6.125
5.8125
5.8125
6.5
6.5
6.1875
6.1875
5.875
5.5625
5.25
4.9375
5.625
5.3125
6.0
6.6875
6.375
7.0625
7.75
7.75
7.75
7.4375
7.4375
7.4375
8.125
8.125
7.8125
7.8125
7.5
7.5
7.1875
6.875
6.875
6.875
6.875
6.5625
6.5625
6.25
5.9375
5.9375
5.625
6.3125
7.0
7.0
7.0
6.6875
6.375
6.0625
6.75
6.75
6.4375
6.4375
6.4375
6.4375
6.125
6.125
6.8125
6.5
6.1875
5.875
5.875
5.5625
5.5625
5.5625
5.5625
5.25
5.25
5.25
4.9375
4.625
4.625
5.3125
6.0
6.0
5.6875
5.6875
5.375
5.0625
4.75
4.75
5.4375
5.125
4.8125
4.8125
4.8125
4.5
4.5
4.5
4.5
4.5
4.1875
4.1875
3.875
3.5625
3.5625
3.5625
3.5625
3.5625
3.5625
3.5625
3.5625
3.25
3.9375
4.625
5.3125
5.3125
5.3125
5.3125
6.0
6.0
6.0
6.0
5.6875
5.375
5.375
5.375
5.375
5.375
6.0625
6.0625
5.75
5.75
5.4375
6.125
6.125
6.125
5.8125
5.8125
6.5
6.1875
6.1875
6.1875
6.1875
6.1875
6.875
6.5625
6.5625
6.5625
6.25
5.9375
5.9375
5.625
5.3125
5.3125
5.0
5.0
5.6875
5.6875
5.375
5.375
5.375
6.0625
5.75
5.4375
5.4375
5.125
5.8125
6.5
7.1875
6.875
6.5625
6.25
6.25
6.9375
6.9375
6.625
6.3125
6.3125
6.3125
6.3125
6.3125
6.0
5.6875
5.6875
5.375
5.375
5.375
5.0625
4.75
4.75
5.4375
5.125
4.8125
4.8125
4.8125
5.5
5.5
6.1875
6.1875
6.1875
6.1875
5.875
6.5625
6.25
6.25
6.25
6.25
6.25
6.25
6.25
6.25
6.25
5.9375
5.625
6.3125
6.3125
6.3125
6.3125
6.0
6.6875
6.6875
7.375
7.375
7.0625
6.75
6.4375
6.4375
6.4375
6.4375
7.125
7.125
6.8125
6.5
6.1875
6.875
6.875
6.5625
6.5625
6.5625
6.25
5.9375
5.9375
5.9375
5.9375
5.9375
5.9375
5.625
5.625
5.625
5.625
5.3125
5.3125
5.0
5.6875
5.6875
5.375
6.0625
5.75
5.4375
5.4375
5.125
5.125
5.125
4.8125
4.5
4.5
4.5
4.1875
4.1875
4.1875
4.1875
4.875
4.875
4.5625
4.5625
4.5625
4.25
4.25
4.25
4.25
4.25
4.9375
4.625
4.3125
4.3125
4.0
4.0
4.0
4.0
4.0
4.6875
4.375
4.375
5.0625
5.0625
5.75
5.4375
5.4375
5.4375
5.4375
5.4375
5.4375
5.4375
5.125
4.8125
4.8125
4.5
4.1875
4.1875
4.1875
3.875
3.875
3.875
3.5625
3.5625
4.25
3.9375
3.625
3.3125
3.3125
3.0
2.6875
3.375
3.375
3.375
4.0625
4.0625
4.0625
4.0625
4.0625
4.0625
4.0625
4.0625
3.75
3.4375
3.4375
3.4375
3.4375
3.4375
3.4375
3.4375
3.4375
3.125
2.8125
2.8125
2.8125
3.5
4.1875
3.875
3.875
3.5625
3.5625
4.25
4.9375
4.9375
4.625
4.625
5.3125
5.0
5.0
5.0
4.6875
5.375
6.0625
6.75
6.75
6.75
6.75
6.75
6.4375
6.4375
6.125
6.8125
6.8125
6.5
6.5
6.5
6.5
6.1875
5.875
5.5625
5.5625
5.5625
5.5625
5.5625
5.5625
5.5625
5.5625
5.5625
5.5625
5.5625
5.5625
5.25
5.25
4.9375
4.9375
4.9375
4.625
4.625
4.3125
4.3125
4.3125
4.3125
4.0
4.6875
4.375
4.375
5.0625
4.75
4.75
4.4375
4.125
4.8125
4.8125
4.5
4.5
4.5
5.1875
4.875
5.5625
5.5625
6.25
6.25
6.25
5.9375
5.625
5.3125
6.0
6.0
6.0
6.0
6.6875
6.6875
6.6875
7.375
7.0625
7.75
7.4375
7.4375
7.4375
7.4375
8.125
8.8125
8.5
8.5
8.1875
7.875
8.5625
8.25
7.9375
7.9375
7.9375
8.625
8.3125
8.3125
8.3125
8.0
8.6875
9.375
9.375
10.0625
9.75
9.75
9.75
9.4375
9.4375
9.4375
9.4375
9.125
9.125
8.8125
8.8125
8.8125
8.8125
8.8125
8.8125
8.5
8.5
8.1875
8.1875
7.875
7.5625
7.5625
7.5625
7.5625
7.5625
7.5625
8.25
8.25
8.25
7.9375
7.625
8.3125
8.3125
8.3125
8.3125
8.3125
8.3125
8.3125
8.0
7.6875
7.375
7.375
7.375
7.0625
7.0625
6.75
6.75
6.4375
6.4375
6.4375
6.4375
6.4375
6.125
5.8125
5.5
5.5
5.5
5.1875
5.1875
4.875
4.5625
4.5625
4.5625
5.25
4.9375
4.9375
5.625
5.625
5.3125
6.0
5.6875
5.6875
5.6875
5.375
5.0625
5.0625
5.0625
5.0625
5.75
5.75
5.75
5.4375
5.4375
5.4375
5.4375
5.4375
5.125
5.125
4.8125
4.8125
4.8125
4.8125
4.5
4.5
4.5
4.5
4.5
4.1875
3.875
4.5625
4.5625
4.5625
4.25
4.25
4.25
4.25
4.25
4.25
3.9375
3.9375
3.625
4.3125
4.3125
4.3125
5.0
5.6875
5.6875
5.375
6.0625
6.0625
6.0625
6.75
6.75
6.4375
7.125
7.125
7.125
6.8125
6.8125
6.5
6.5
6.5
6.1875
6.1875
5.875
5.5625
5.25
5.25
5.9375
5.9375
5.625
5.625
5.625
5.3125
5.3125
6.0
6.0
5.6875
5.6875
5.375
5.375
5.0625
5.0625
4.75
4.75
4.75
4.75
4.4375
5.125
5.125
5.125
4.8125
4.8125
4.8125
4.8125
4.8125
4.8125
4.8125
4.5
4.5
4.1875
4.1875
3.875
3.5625
3.5625
4.25
4.25
4.25
4.25
3.9375
3.625
3.625
3.3125
3.0
3.0
3.6875
3.6875
3.6875
3.6875
3.6875
3.375
3.0625
3.0625
3.75
3.75
3.75
3.75
3.4375
3.4375
3.125
3.125
3.125
3.125
3.125
3.125
3.125
3.125
2.8125
2.5
2.5
2.5
2.1875
2.1875
2.1875
2.875
2.5625
2.5625
2.5625
3.25
3.9375
3.9375
3.625
3.625
3.3125
3.3125
3.0
2.6875
2.6875
2.375
2.375
2.375
2.375
2.375
3.0625
3.0625
2.75
2.75
2.75
2.75
2.75
2.75
2.4375
2.125
1.8125
1.8125
1.8125
1.8125
1.8125
1.5
1.1875
0.875
0.5625
0.5625
0.5625
0.25
0.9375
0.9375
1.625
2.3125
2.3125
2.0
1.6875
1.6875
1.375
1.0625
1.75
1.75
2.4375
2.4375
2.4375
2.125
1.8125
2.5
2.5
2.1875
2.1875
2.875
2.5625
2.5625
2.25
2.25
2.9375
2.9375
2.625
2.3125
2.0
2.0
2.0
2.0
2.0
2.6875
2.6875
2.375
3.0625
2.75
2.4375
2.4375
2.4375
2.125
2.8125
3.5
3.1875
3.1875
3.1875
2.875
2.875
2.875
2.5625
2.5625
3.25
3.25
2.9375
2.9375
2.9375
2.9375
2.9375
2.9375
2.9375
2.9375
2.9375
2.9375
2.9375
2.9375
2.9375
2.9375
2.625
2.3125
3.0
3.6875
3.375
3.0625
3.0625
3.0625
2.75
2.75
2.75
2.75
2.75
2.4375
2.4375
2.125
2.125
1.8125
1.8125
1.8125
1.5
1.5
1.5
1.5
1.5
1.5
1.1875
1.1875
1.1875
1.875
2.5625
2.25
2.25
2.25
2.9375
2.625
3.3125
4.0
4.0
3.6875
3.6875
3.375
3.375
4.0625
3.75
3.75
3.75
3.4375
3.4375
3.4375
3.4375
3.4375
4.125
4.125
3.8125
3.8125
3.5
4.1875
4.1875
4.1875
4.1875
4.1875
4.1875
3.875
3.5625
3.25
2.9375
2.625
2.625
2.625
2.625
3.3125
4.0
4.0
4.6875
4.6875
4.6875
5.375
5.0625
5.0625
5.75
6.4375
6.4375
6.4375
6.4375
6.4375
6.125
5.8125
5.8125
5.8125
6.5
6.5
6.1875
5.875
5.5625
5.5625
5.5625
5.25
5.9375
6.625
6.625
7.3125
7.3125
7.3125
7.3125
7.3125
7.3125
7.0
7.0
6.6875
6.375
6.0625
6.75
7.4375
7.4375
7.4375
7.4375
8.125
7.8125
7.5
7.5
7.5
7.5
7.5
7.5
7.5
7.1875
6.875
7.5625
8.25
7.9375
7.9375
7.625
7.3125
7.3125
7.3125
7.3125
8.0
8.0
8.0
7.6875
7.375
8.0625
7.75
7.75
7.4375
7.125
7.125
6.8125
6.8125
6.8125
6.8125
6.8125
6.8125
6.5
6.1875
6.1875
6.1875
6.1875
6.1875
6.875
6.875
6.5625
6.5625
6.25
6.25
5.9375
5.625
5.625
6.3125
7.0
7.6875
7.6875
7.375
7.0625
7.75
7.75
8.4375
8.4375
8.4375
8.4375
8.4375
8.4375
8.4375
8.4375
8.125
7.8125
7.5
7.5
8.1875
8.1875
8.1875
8.1875
7.875
7.875
7.875
7.875
7.5625
7.25
7.25
6.9375
6.9375
6.9375
7.625
7.625
8.3125
8.3125
8.3125
9.0
8.6875
8.6875
8.6875
8.6875
8.375
8.375
8.0625
8.0625
7.75
8.4375
8.125
8.125
8.8125
8.8125
9.5
9.5
9.1875
9.875
9.875
9.875
10.5625
10.5625
10.25
10.25
10.25
10.25
9.9375
9.9375
9.9375
9.9375
9.9375
9.9375
9.9375
9.625
9.3125
10.0
10.0
10.0
10.0
10.0
10.0
9.6875
9.6875
9.375
9.0625
9.0625
9.0625
9.0625
8.75
9.4375
9.4375
10.125
10.125
10.125
10.125
10.125
10.125
9.8125
9.8125
9.5
9.5
9.1875
8.875
8.875
8.875
8.875
8.875
8.875
8.5625
9.25
9.25
9.9375
9.9375
9.625
9.3125
9.0
8.6875
8.6875
8.375
8.0625
7.75
7.75
7.75
7.75
7.75
7.75
7.4375
7.4375
7.4375
7.4375
7.125
7.8125
7.5
8.1875
7.875
8.5625
8.25
8.9375
8.9375
8.9375
8.9375
8.9375
8.9375
8.9375
8.625
8.625
8.625
9.3125
9.0
9.0
9.0
9.0
9.0
9.6875
9.6875
9.375
10.0625
9.75
9.4375
9.4375
9.125
9.8125
9.5
9.5
9.5
9.5
9.1875
9.875
9.875
9.875
9.875
9.875
10.5625
10.25
9.9375
9.625
10.3125
10.0
9.6875
10.375
10.375
10.375
10.375
11.0625
10.75
10.75
10.75
10.4375
10.4375
10.125
10.125
9.8125
9.5
9.1875
8.875
8.875
8.875
9.5625
10.25
10.25
10.25
9.9375
9.625
9.625
9.625
9.625
9.625
9.625
9.3125
9.0
9.0
8.6875
8.6875
8.6875
8.6875
8.6875
9.375
9.0625
9.0625
9.75
9.75
10.4375
11.125
10.8125
11.5
11.5
11.5
12.1875
11.875
12.5625
12.25
12.25
12.25
11.9375
11.9375
11.9375
11.625
11.625
11.625
11.3125
11.3125
11.3125
11.0
11.0
11.6875
11.375
11.375
12.0625
11.75
11.4375
11.4375
11.4375
12.125
12.125
11.8125
11.5
11.5
11.1875
10.875
10.5625
10.5625
10.5625
11.25
11.25
10.9375
10.625
10.3125
11.0
10.6875
10.375
10.375
10.375
11.0625
11.75
11.75
11.4375
11.4375
11.4375
11.4375
11.125
11.125
10.8125
10.5
10.5
10.5
10.1875
9.875
10.5625
10.5625
11.25
10.9375
10.9375
10.9375
10.625
10.625
10.625
10.625
10.625
11.3125
11.0
11.0
11.0
11.0
11.0
10.6875
10.6875
10.6875
10.6875
10.6875
10.375
10.375
10.0625
9.75
9.4375
9.4375
9.125
9.125
9.125
9.125
8.8125
8.8125
8.8125
8.8125
8.5
8.1875
7.875
8.5625
9.25
9.25
8.9375
8.625
8.625
8.3125
8.3125
8.0
8.6875
8.6875
8.375
8.375
8.0625
8.0625
7.75
7.75
7.4375
8.125
8.8125
8.5
8.1875
8.875
8.5625
8.5625
8.5625
8.5625
8.5625
8.5625
8.25
7.9375
7.625
7.625
7.3125
7.3125
7.3125
7.0
6.6875
6.375
6.0625
6.0625
5.75
6.4375
6.125
6.125
6.125
6.125
6.125
6.8125
6.5
6.1875
6.875
6.5625
6.5625
6.25
6.25
6.25
6.9375
6.625
6.625
7.3125
7.3125
7.3125
7.0
6.6875
6.375
6.375
7.0625
7.0625
7.75
7.75
7.75
7.75
7.4375
7.4375
7.4375
7.125
6.8125
6.5
6.1875
6.1875
5.875
5.875
5.875
5.5625
5.25
5.25
4.9375
4.9375
4.9375
4.9375
4.9375
4.9375
4.9375
4.9375
4.9375
4.625
4.625
4.625
4.3125
4.0
4.0
4.6875
4.375
4.375
4.375
4.0625
4.0625
4.0625
3.75
3.75
3.4375
3.125
3.8125
3.8125
3.5
3.1875
3.875
3.5625
3.5625
4.25
3.9375
3.625
3.625
3.625
3.3125
3.0
3.0
3.0
2.6875
2.6875
2.6875
2.6875
2.375
2.0625
2.75
2.75
2.75
3.4375
3.4375
3.4375
3.4375
3.4375
3.4375
3.125
3.125
3.8125
3.8125
3.8125
3.5
3.1875
2.875
2.875
2.5625
2.25
2.9375
2.9375
2.9375
2.9375
2.625
2.625
3.3125
3.3125
3.3125
3.0
3.0
2.6875
2.375
3.0625
3.75
3.4375
3.125
3.125
3.125
2.8125
2.5
2.5
3.1875
2.875
2.5625
2.5625
2.5625
2.5625
2.5625
2.5625
2.5625
2.25
2.25
1.9375
1.9375
1.625
2.3125
2.3125
2.3125
2.0
2.6875
2.6875
2.6875
2.375
2.375
2.0625
2.0625
2.0625
2.0625
2.0625
2.75
2.4375
3.125
3.125
2.8125
2.5
2.5
2.5
2.5
2.1875
1.875
1.5625
1.5625
2.25
1.9375
1.9375
1.9375
1.625
1.625
2.3125
2.0
1.6875
1.6875
1.375
1.375
1.375
2.0625
1.75
1.4375
1.4375
2.125
2.8125
2.8125
2.5
2.1875
2.1875
1.875
1.5625
1.25
0.9375
0.625
0.3125
0.0
0.6875
0.6875
0.6875
1.375
1.375
1.0625
0.75
0.75
0.75
0.4375
0.125
0.125
0.125
0.125
0.125
0.125
-0.1875
-0.5
-0.5
-0.8125
-1.125
-1.4375
-1.4375
-0.75
-1.0625
-1.0625
-1.375
-1.6875
-2.0
-1.3125
-1.3125
-1.625
-0.9375
-1.25
-1.5625
-1.875
-2.1875
-2.1875
-1.5
-0.8125
-1.125
-1.4375
-0.75
-1.0625
-1.0625
-1.375
-1.375
-1.375
-1.375
-1.375
-1.6875
-1.6875
-2.0
-2.3125
-1.625
-1.9375
-2.25
-2.25
-2.5625
-2.875
-3.1875
-3.5
-3.5
-3.8125
-4.125
-3.4375
-3.75
-3.75
-4.0625
-4.375
-4.6875
-5.0
-5.3125
-4.625
-4.625
-4.9375
-5.25
-5.25
-5.5625
-5.5625
-5.5625
-5.5625
-5.875
-5.1875
-4.5
-3.8125
-3.8125
-4.125
-3.4375
-3.75
-3.75
-3.0625
-3.375
-3.375
-2.6875
-3.0
-3.0
-3.0
-3.3125
-2.625
-2.625
-2.625
-2.9375
-2.9375
-2.25
-2.25
-1.5625
-1.5625
-0.875
-0.875
-0.875
-0.875
-1.1875
-1.5
-0.8125
-0.8125
-0.8125
-1.125
-1.125
-1.125
-1.4375
-1.75
-2.0625
-2.0625
-1.375
-1.375
-1.375
-1.375
-1.6875
-1.6875
-2.0
-2.3125
-2.625
-2.625
-2.9375
-2.25
-2.5625
-2.875
-3.1875
-3.1875
-3.5
-3.5
-3.5
-2.8125
-2.8125
-3.125
-3.4375
-2.75
-2.75
-2.75
-2.0625
-1.375
-1.375
-1.6875
-2.0
-1.3125
-1.3125
-1.3125
-1.3125
-1.3125
-1.3125
-1.625
-1.9375
-1.9375
-1.9375
-2.25
-1.5625
-1.5625
-0.875
-1.1875
-1.5
-1.8125
-1.8125
-1.8125
-1.8125
-1.8125
-1.8125
-1.8125
-2.125
-2.4375
-2.75
-3.0625
-3.0625
-2.375
-2.6875
-3.0
-3.3125
-3.625
-3.625
-2.9375
-2.9375
-2.9375
-2.25
-2.5625
-2.5625
-2.5625
-2.875
-2.1875
-2.1875
-1.5
-1.8125
-2.125
-2.4375
-1.75
-2.0625
-2.0625
-2.375
-1.6875
-1.6875
-2.0
-2.3125
-2.3125
-2.625
-2.625
-2.9375
-2.9375
-2.9375
-2.25
-2.25
-2.5625
-2.5625
-2.5625
-2.875
-3.1875
-3.1875
-2.5
-2.8125
-3.125
-3.125
-3.125
-3.125
-3.125
-2.4375
-2.4375
-1.75
-2.0625
-2.0625
-2.0625
-2.375
-1.6875
-1.6875
-2.0
-2.3125
-2.3125
-2.3125
-2.3125
-2.625
-2.625
-2.625
-2.9375
-3.25
-3.5625
-3.875
-4.1875
-4.5
-4.8125
-4.8125
-5.125
-5.4375
-4.75
-5.0625
-4.375
-4.6875
-4.6875
-5.0
-5.3125
-5.625
-4.9375
-4.9375
-4.9375
-4.9375
-5.25
-5.25
-4.5625
-4.875
-4.875
-4.875
-5.1875
-4.5
-3.8125
-4.125
-4.125
-4.4375
-3.75
-3.75
-4.0625
-4.375
-4.375
-4.6875
-4.6875
-5.0
-5.0
-5.0
-5.3125
-5.625
-4.9375
-5.25
-5.5625
-4.875
-4.875
-5.1875
-4.5
-4.5
-4.8125
-5.125
-5.125
-4.4375
-4.75
-4.75
-4.0625
-4.375
-4.375
-4.375
-4.375
-4.6875
-4.6875
-4.0
-4.0
-4.0
-4.3125
-4.625
-4.9375
-5.25
-5.25
-5.25
-5.5625
-5.5625
-5.5625
-5.5625
-5.5625
-4.875
-5.1875
-5.1875
-4.5
-4.8125
-4.125
-4.4375
-4.75
-5.0625
-5.375
-5.6875
-5.6875
-5.6875
-5.6875
-5.0
-5.0
-5.0
-5.3125
-5.625
-5.625
-5.625
-5.625
-5.9375
-5.9375
-6.25
-6.25
-5.5625
-4.875
-5.1875
-5.1875
-4.5
-3.8125
-3.125
-3.4375
-3.75
-4.0625
-3.375
-3.6875
-4.0
-3.3125
-3.3125
-3.3125
-2.625
-2.9375
-2.25
-2.5625
-2.5625
-2.5625
-1.875
-1.1875
-1.1875
-1.1875
-1.1875
-1.1875
-1.5
-1.8125
-2.125
-2.125
-1.4375
-1.75
-2.0625
-2.0625
-1.375
-0.6875
-1.0
-1.3125
-1.625
-1.9375
-1.9375
-1.9375
-1.9375
-1.9375
-2.25
-2.25
-2.5625
-2.875
-3.1875
-3.1875
-3.5
-3.5
-3.8125
-4.125
-4.125
-4.4375
-4.75
-4.75
-5.0625
-5.375
-4.6875
-5.0
-4.3125
-4.625
-4.9375
-4.9375
-4.25
-4.5625
-4.5625
-4.875
-4.875
-4.875
-4.875
-5.1875
-5.5
-5.5
-5.8125
-5.8125
-6.125
-5.4375
-5.4375
-5.4375
-5.75
-5.75
-6.0625
-6.0625
-6.0625
-6.375
-6.6875
-6.0
-5.3125
-5.3125
-5.625
-5.9375
-5.25
-5.5625
-4.875
-4.875
-4.1875
-4.1875
-4.1875
-3.5
-3.8125
-4.125
-4.4375
-4.75
-4.75
-4.75
-4.0625
-4.0625
-4.0625
-4.0625
-4.375
-4.6875
-4.6875
-4.0
-4.3125
-4.3125
-4.3125
-4.625
-3.9375
-3.9375
-3.9375
-3.9375
-3.25
-3.25
-3.25
-3.25
-3.25
-3.5625
-3.5625
-3.875
-4.1875
-3.5
-3.5
-3.8125
-3.125
-3.4375
-3.4375
-3.4375
-3.75
-3.0625
-2.375
-2.375
-2.375
-2.6875
-2.6875
-3.0
-3.3125
-3.625
-3.625
-2.9375
-2.9375
-2.9375
-3.25
-3.5625
-3.5625
-3.5625
-3.5625
-3.5625
-3.875
-3.875
-3.875
-3.875
-4.1875
-4.1875
-3.5
-3.8125
-3.8125
-4.125
-4.125
-4.4375
-4.4375
-4.75
-4.0625
-4.0625
-3.375
-3.6875
-4.0
-4.3125
-4.3125
-3.625
-3.625
-3.625
-3.9375
-4.25
-4.5625
-4.875
-5.1875
-5.5
-5.5
-5.8125
-5.8125
-5.8125
-5.125
-5.4375
-5.75
-5.75
-5.0625
-5.375
-5.375
-5.6875
-6.0
-5.3125
-5.3125
-5.3125
-5.3125
-5.625
-5.9375
-5.25
-5.25
-4.5625
-3.875
-4.1875
-4.1875
-4.1875
-3.5
-3.5
-2.8125
-2.8125
-3.125
-3.125
-2.4375
-1.75
-2.0625
-2.375
-2.6875
-2.6875
-2.6875
-2.6875
-2.0
-1.3125
-1.625
-1.9375
-1.25
-1.25
-1.5625
-1.5625
-1.875
-1.1875
-0.5
-0.5
-0.5
