0
0
0
0
0
0
0
-0.297217535589
-1.752944907
-2.02039222054
-1.42778843804
-1.82552784207
-1.92604971051
-2.51252869911
-2.16726516399
-0.928498506411
-1.79607783142
-0.656435211299
0.257362061618
0.964677548084
1.08925393394
1.08925393394
1.4929233789
2.36733211082
2.32037504241
2.80359753447
2.97235662413
3.15750780357
3.342658983
3.52978117946
3.68697039179
3.84961438242
3.99603383062
4.12956258494
4.29163501321
4.44208420306
4.5887205441
4.72928676588
4.83875334991
4.95924786475
5.07100148932
5.18173223215
5.30484931706
5.4137566552
5.50671741677
5.58799159023
5.68977851891
5.79156544758
5.86949426895
5.95647390505
6.05861015876
6.15341925782
6.23491319295
6.31276167626
6.38682584486
6.45261954442
6.5175432607
6.55827607537
6.60845388029
6.65723930118
6.70679603263
6.75610182854
6.74662763489
6.7505802997
6.76887355282
6.81148375669
6.85409396057
6.85796614094
6.87821883332
6.89510812463
6.90463609596
7.00972205926
7.06899875118
7.12422678062
7.13114542771
7.18410098283
7.23799985236
7.28727370465
7.31818445015
7.36701278922
7.39503534727
7.46893390959
7.53784935083
7.6160996717
7.68734405449
7.75858843728
7.84942133421
7.93423810804
8.03253218009
8.22969244785
8.39115574505
8.5604178541
8.6772025719
8.79861230694
8.92630692777
9.07073101348
9.2101317559
9.31877825703
9.42458375786
9.51374485904
9.56812817605
9.60827560231
9.64842302856
9.69514537224
9.76592077904
9.8347251688
9.91133994818
9.99287337331
10.0967527322
10.1920242469
10.2864257783
10.310193789
10.3267467177
10.3621344104
10.3590953107
10.3647873274
10.3224089836
10.2731409771
10.2365607699
10.1812736518
10.1175098356
10.0750416628
9.94249768489
9.84518411714
9.77075753228
9.71528198675
9.61206240381
9.49242814353
9.36960851085
9.24875989521
9.09452232304
8.95911951487
8.80683786773
8.65605558041
8.51996978908
8.41808542715
8.32216648694
8.22155531894
8.15590579844
8.09064791083
7.95741213929
7.85837397848
7.75180089347
7.69327330316
7.6287918689
7.56675666527
7.46029655295
7.36355201171
7.24306915271
7.11935717475
7.0213580458
6.93973942887
6.86592764514
6.78384539236
6.70479909568
6.62950044792
6.56271459365
6.48614733275
6.40071939204
6.30364765107
6.20564009127
6.0750335339
5.98574551278
5.90334715443
5.83549591797
5.76428128045
5.70638180686
5.68431396404
5.69533186799
5.73287165326
5.81194751817
5.91297068628
6.02576886564
6.13903870219
6.23948989784
6.28342968865
6.31878777928
6.35658854415
6.40252193956
6.47001838037
6.53751482119
6.61205689437
6.68659896755
6.75520228877
6.82183459297
6.90558651044
6.97517146898
7.02239891602
7.09779346409
7.13643565455
7.17507784502
7.21318116773
7.28895757487
7.36955395503
7.43627338274
7.48308146835
7.50522343872
7.55064716166
7.58919631381
7.64778300755
7.71243982056
7.77020697079
7.81773263494
7.85745146589
7.90496910869
7.89340352012
7.87638315326
7.85329266714
7.81333487763
7.77534810514
7.76236126659
7.73147548285
7.73487470924
7.69205184563
7.64233931924
7.57351349232
7.48269711356
7.38008751826
7.26934173602
7.14053605674
6.99088380355
6.81398561928
6.61182361344
6.38486142188
6.16616969936
5.95262051025
5.77997703875
5.65552667428
5.53034076497
5.41296524526
5.28779091371
5.16261658216
5.04783899822
4.94086022612
4.79256291777
4.64623662646
4.47545554587
4.30255403199
4.1480156249
3.97065962689
3.79653274784
3.61825250876
3.43985248014
3.21810754187
2.9519312237
2.68297943698
2.44186385334
2.18984659963
1.93420190088
1.69568483677
1.46582636037
1.22769741492
0.995533891184
0.766733768515
0.537933645847
0.312025267039
0.0900997151533
-0.128934092872
-0.3584879235
-0.577118520865
-0.803664205386
-1.06043954438
-1.2791359773
-1.47498521381
-1.6314869311
-1.79667858157
-1.97977624787
-2.1180657714
-2.25481514224
-2.39550654714
-2.5356146003
-2.67861439733
-2.73937492274
-2.77962269294
-2.79751295164
-2.82611635363
-2.84783360706
-2.88059032689
-2.94434361246
-2.98315887378
-3.008105204
-3.03305153422
-3.08267200103
-3.13182081064
-3.20423979504
-3.23441951635
-3.2665702547
-3.28035432983
-3.27693059035
-3.26767905606
-3.27039929277
-3.29881085747
-3.27579668196
-3.25775189575
-3.23206426729
-3.15647640242
-3.09165258071
-3.02787904919
-2.96179712555
-2.88106338247
-2.80932464349
-2.7347449042
-2.65189469586
-2.56124567568
-2.47104572513
-2.37887475755
-2.288674807
-2.13922109199
-1.98576945805
-1.82179780152
-1.65757203117
-1.49232083643
-1.3221038088
-1.16714809631
-1.05295013521
-0.931877603335
-0.802115138267
-0.628050725654
-0.477814584609
-0.34581479588
-0.219642801967
-0.149462726927
-0.0747048954694
-0.0630730350955
-0.054036336344
-0.0673571490876
-0.0595167989016
-0.0688187322223
-0.0326407479138
0.0289173332808
0.0969009156309
0.153458241106
0.220935243435
0.327771342749
0.42030927215
0.505972630767
0.578279855714
0.65058708066
0.719332696784
0.769283462916
0.827707412983
0.903317918916
0.997465621817
1.06694099207
1.13581259912
1.21856471505
1.28248206697
1.3490272751
1.43059833296
1.52319732162
1.61824254093
1.7524275099
1.87022038909
1.99522835028
2.13693251109
2.27411635223
2.41023832539
2.57208472535
2.70377480197
2.82660419878
2.94699092136
3.05620385326
3.17230644794
3.30125254936
3.42191660395
3.56098398756
3.70005137117
3.82488286401
3.92451413207
4.04822778553
4.21879396194
4.41242026535
4.63097301523
4.81889778456
4.99994798311
5.20348997525
5.41252573191
5.60650002946
5.82084924371
5.98961028637
6.14217419506
6.26691151395
6.39445022358
6.47397990177
6.5412672938
6.59299016093
6.67470180404
6.77856442507
6.89022585795
6.98858159626
7.09633475956
7.16819471835
7.23343241623
7.32971193701
7.417627301
7.52453567899
7.60577033156
7.66830450223
7.7450629859
7.80678404207
7.87710189041
7.91186353122
7.92217038276
7.96678691766
8.01476723174
8.03425812966
8.0602403643
8.08578510707
8.08468469623
8.14085741955
8.19945022952
8.23555926726
8.2900314118
8.33592185617
8.37539429497
8.41625911781
8.45297413703
8.48386136144
8.52701345958
8.57064077134
8.59166803554
8.57273498219
8.53609793947
8.51936415624
8.51121562959
8.50214637611
8.46688103863
8.43379448774
8.39657925006
8.36029983121
8.32996448248
8.30247013406
8.2775305325
8.25514567782
8.24947526103
8.24380484423
8.27150829197
8.28714055731
8.29409244977
8.28834197663
8.28280282946
8.26946487044
8.29289338942
8.2435975389
8.1382313318
8.02194189144
7.91129813233
7.84503500955
7.80772543252
7.76308120527
7.72076046215
7.71699727929
7.77127051978
7.80595880254
7.84937464534
7.8739411579
7.91472922714
7.95914474141
8.01411652928
8.06624731686
8.07747942542
8.08542146405
8.13307960709
8.19242943509
8.24867099194
8.28821634915
8.33451353064
8.37749805462
8.38544090679
8.395354776
8.40036509145
8.40443958807
8.41189257776
8.41981722464
8.43018454576
8.47931247796
8.50271598338
8.526591146
8.52856944451
8.55064060897
8.59061427503
8.64734861605
8.64498074046
8.61267434842
8.57510177257
8.56270442198
8.59885870237
8.63150181304
8.66857326385
8.70242717347
8.73015670604
8.74478421875
8.77408511409
8.79726867099
8.85812531231
8.95295884268
9.03345178474
9.12626385833
9.18469780201
9.2541596765
9.33371366297
9.36171979899
9.33951001099
9.28736170653
9.26394565874
9.20284850517
9.15246449488
9.10868007525
9.0632538765
9.00632808974
8.94121537247
8.88592784045
8.83348130874
8.75776811646
8.67941659659
8.58015605048
8.52454006738
8.46661924855
8.41201108722
8.39827239252
8.38697637205
8.37568035157
8.36624087676
8.36031257167
8.34822265306
8.34349405444
8.30462630556
8.30006468363
8.2950314045
8.29595196932
8.27725132539
8.23774134403
8.19523492125
8.20587687113
8.24062954265
8.27574132999
8.30697353562
8.30591191793
8.32124594643
8.33172387453
8.34283298583
8.36497002793
8.40385454171
8.43263536574
8.45038825896
8.50122142023
8.55392090098
8.61169446858
8.63769172905
8.67029967265
8.70668092115
8.74306216965
8.83567372256
8.93523615485
8.96397074268
8.96338934399
8.96592881031
8.99189078845
8.976208433
8.94762073479
8.92741978094
8.95175490453
9.00793838885
9.03060214877
9.08145121499
9.12371858105
9.22478102868
9.29350480997
9.36270024846
9.40569960296
9.44869895746
9.48111945078
9.52445962096
9.58571738472
9.62872831698
9.66459516819
9.70179063261
9.77767677706
9.84458289528
9.91393168773
10.0065471407
10.1126629397
10.2207497556
10.3211967151
10.4404784385
10.550427825
10.6415424474
10.726372184
10.7888444092
10.8344493309
10.9321827333
11.06663187
11.1928105378
11.3107187364
11.4372202131
11.5473295999
11.6537819571
11.7643725824
11.8809170516
12.022845132
12.1382739186
12.2610524474
12.3728030454
12.4913235166
12.60304837
12.7787988045
12.9520166109
13.1306952525
13.2854797251
13.4627444135
13.6538502635
13.8345983521
13.9813666369
14.1230608348
14.2936497399
14.4036608746
14.4899336916
14.5500104247
14.6507078708
14.7468849973
14.8418381872
14.9185483643
15.0033947283
15.0851318051
15.1471214124
15.2466678289
15.3656443169
15.4759308718
15.5566269767
15.6199200894
15.6813800236
15.7367185665
15.8247788535
15.9353013495
16.0590043493
16.1245250658
16.2052059142
16.3101002517
16.4342572639
16.5441537121
16.651607486
16.7117888797
16.7514906592
16.7728177542
16.8050645259
16.8234701361
16.8959409205
16.9859376656
17.0697264529
17.1539868975
17.2160963641
17.2998851514
17.3590802865
17.423965378
17.4974321696
17.5860440011
17.6778884658
17.7775317423
17.8875443579
17.9584982537
18.0512967781
18.1363567037
18.2652216183
18.3884880709
18.4913796067
18.599367817
18.7560358835
18.9286354346
19.1012349857
19.2312578986
19.3926985947
19.5758693551
19.7819081455
19.9899179529
20.2060603909
20.4088760872
20.5749358694
20.7140247007
20.8609239216
20.993652382
21.1536845876
21.3116079377
21.4447250452
21.5316200627
21.5980238882
21.6552264805
21.7577304359
21.8529072368
21.9402852257
22.0078108551
22.0868285769
22.1401218719
22.1880510079
22.2203593647
22.2911683708
22.373875291
22.4876592614
22.5790314625
22.6361598157
22.688468196
22.740304919
22.792141642
22.8302141315
22.8592297072
22.8910323292
22.9192765943
22.9569182844
22.9945599746
22.9752632893
22.9233773804
22.9160451918
22.9547299831
23.026417195
23.030546008
23.047619511
23.0467789769
23.0716628695
23.0740514122
23.110442872
23.1468343318
23.2060433826
23.2403259869
23.2867240487
23.3289687504
23.3635524788
23.3684289535
23.3733054282
23.4184454302
23.5001672567
23.5696503534
23.6584398714
23.7418652304
23.8297042806
23.9006760275
23.9679907448
24.0411332569
24.091458178
24.1684166751
24.2449035149
24.3319466283
24.4273862599
24.5215904193
24.6424623199
24.7682267223
24.918193604
25.0567540598
25.1671407869
25.2659553974
25.3536620527
25.4570796212
25.5455436592
25.6272079883
25.712751899
25.8812892747
26.1085986185
26.3364878735
26.5381774881
26.738856422
26.9413803239
27.2342460502
27.5439871012
27.827543646
28.0710830729
28.2755175166
28.5398200635
28.8055185087
29.1138051276
29.3990085062
29.6909817581
29.9740927897
30.2666012462
30.5473200427
30.7925043191
31.0312630944
31.2585222817
31.5200150992
31.7952721502
32.092901279
32.3792124049
32.6517592972
32.9287345296
33.2052381049
33.4596858185
33.7259443833
34.0245300367
34.3267727196
34.6253663943
34.9386450294
35.2083083139
35.495889192
35.7704711222
36.049484949
36.3283609373
36.6045829254
36.8642652114
37.1103964079
37.3512585617
37.6335915467
37.8808142154
38.1398677275
38.403585243
38.6557520632
38.8987343888
39.1218529294
39.3285603629
39.4947951252
39.6924870584
39.8556845864
40.0122024994
40.1589603574
40.2886892215
40.4360457574
40.6047696853
40.7593489017
40.927968713
41.062916505
41.1939171661
41.3025960117
41.4055131104
41.5105175013
41.5981880286
41.679693764
41.7648449512
41.8773944716
41.9879729749
42.1036255651
42.1976090521
42.289801829
42.345314745
42.3591833274
42.3809669969
42.4440692028
42.5260061726
42.616528399
42.7066776089
42.7730849868
42.8345737189
42.9006321861
42.9666906533
43.063485355
43.1270857515
43.2399295453
43.3218163828
43.4139447065
43.4790446424
43.5526789351
43.6239438846
43.7078391968
43.7689821666
43.8522365048
43.9076511439
43.9705318005
44.0865618367
44.2185760764
44.3665745194
44.459312164
44.5374432663
44.5581929806
44.6277272486
44.7075145805
44.8094528903
44.887573315
44.9563365369
45.0160253543
45.0696789222
45.1018258779
45.1261624439
45.1461756718
45.1618655615
45.1802043546
45.1974812798
45.2224191782
45.25591766
45.2953815636
45.3275102911
45.3635810527
45.3918414246
45.4377555026
45.4834892736
45.573713295
45.6786106992
45.7780356904
45.8385848196
45.8836776778
45.9312132103
45.9648682339
46.0304092978
46.1003973502
46.1611942068
46.2215194061
46.255246639
46.2982967395
46.3022106468
46.3370815103
46.3677189894
46.4260848614
46.504296178
46.5892509194
46.651160322
46.6869150985
46.7246408921
46.7812606247
46.8299944826
46.8598819987
46.8750845544
46.8845971538
46.8970240846
46.909447459
46.9428879405
46.9506155729
46.9505363721
46.9468001417
46.952845318
46.9588904943
46.9860461321
47.0443014076
47.1125458594
47.1861580265
47.2577991766
47.3432045603
47.428609944
47.5152150341
47.5803949174
47.6342532413
47.6605830981
47.6970201588
47.727829173
47.769289577
47.8275402406
47.921397921
48.0261453155
48.1591897315
48.2839636785
48.4121227461
48.553127863
48.727192057
48.9017279082
49.0603207392
49.2203059542
49.3816835533
49.5415617925
49.7315963551
49.9308138806
50.0989397897
50.2652144714
50.4334177016
50.6435010791
50.8382331877
51.0482124233
51.2330287986
51.4469490543
51.6686681219
51.9020672347
52.1582321385
52.4259082081
52.7275792157
53.0349401796
53.3180911685
53.6090525471
53.895864122
54.2263141609
54.5466720878
54.8518261363
55.1384566519
55.4414828137
55.7366985859
55.9954585827
56.2523736117
56.5139136578
56.7852235329
57.0505679862
57.3178834566
57.5913605404
57.8795225847
58.1662922449
58.4668261387
58.7869600822
59.1112227125
59.4248339529
59.7081545878
59.9381309194
60.1412709602
60.33576129
60.5397837051
60.7714864719
60.9947715296
61.2029151038
61.4191687209
61.6501072985
61.8686255612
62.0842520801
62.290350028
62.4318627791
62.5444219844
62.6823792934
62.8157849163
62.9550065447
63.0717444008
63.1981550401
63.3184955602
63.4632908695
63.6084531385
63.7462882529
63.8654048786
63.9781185906
64.0577580916
64.1180876148
64.162474118
64.23702444
64.3066561163
64.3795204258
64.4286313255
64.462121446
64.4941664645
64.5422807639
64.591441797
64.6394182157
64.6903306854
64.7490419668
64.8130369229
64.8770318789
64.9745465593
65.06161322
65.1486798808
65.2348258147
65.3278463195
65.4432127579
65.5480003352
65.6187965308
65.7057996343
65.7759354343
65.8617967112
65.9141382636
65.9647465426
65.9978862977
65.9832820154
65.9787884935
65.9649590782
65.9584945392
65.9272378359
65.8956252249
65.8684263052
65.8442499708
65.8698063256
65.9269149019
66.0151005284
66.0440098028
66.0591584001
66.0563929603
66.0310702607
66.0164722822
66.0141602942
66.0007252591
65.9532988425
65.9083151
65.8498310117
65.8112108607
65.7800567272
65.7529476998
65.716572171
65.6891639504
65.6550697417
65.5950253758
65.5334414279
65.4636740739
65.3783090961
65.3203314444
65.2566638364
65.2036983618
65.1565722598
65.1000091233
65.0090020212
64.8844751948
64.768425371
64.65190389
64.5537681034
64.4423171529
64.3154099314
64.1586495963
64.0496448764
63.9386691395
63.8340044323
63.7186375917
63.6426182703
63.5729099787
63.5229197646
63.4871654412
63.4313111813
63.3610474264
63.2716044618
63.1673422546
63.0793638833
63.0085640465
62.951144766
62.8872823498
62.8501911364
62.7800518557
62.7723742994
62.7487652586
62.725627875
62.7335936856
62.7250215465
62.728376906
62.7286078442
62.7648011809
62.8005228605
62.8357728828
62.8649232014
62.8866075024
62.9211104443
62.9564833695
62.9611624786
62.947999299
62.9634402768
62.9803045614
63.0114223713
63.0273835637
63.0030667361
63.0044743354
62.9985432023
63.0010085873
62.9953377854
63.0282100512
63.0552545222
63.1148864129
63.1691541447
63.1932429656
63.2083010167
63.2115658513
63.2390557528
63.2503387466
63.2917780637
63.3336815424
63.3843161375
63.4208524688
63.4302719892
63.4560835995
63.4713163485
63.456132443
63.4325404415
63.3979451825
63.3960867595
63.3853716563
63.3574780185
63.3178062562
63.3087508967
63.2670965396
63.2269415423
63.1762398527
63.1566378008
63.1429895929
63.0927595605
63.0270320211
62.9550050297
62.9155886137
62.8781578636
62.8113360758
62.7756139258
62.7260228447
62.6764317636
62.6343969583
62.5676880164
62.4899511437
62.4280551362
62.386460558
62.3616382325
62.3323875668
62.3170354168
62.2966599236
62.2505600035
62.2199314464
62.1750669985
62.1456739135
62.0630643783
61.9561378923
61.8170956436
61.685388571
61.5654747149
61.4619529486
61.3478633731
61.2357448146
61.1150772506
60.961327454
60.8005717193
60.6347338764
60.4796091768
60.349418945
60.1689911017
59.971722099
59.8234441836
59.6889305018
59.5608458776
59.4472967974
59.3386477147
59.2275559576
59.1184352177
58.968928246
58.7721488942
58.5628196642
58.3643629239
58.1563625205
57.9093376185
57.6667410566
57.4290631405
57.1714966137
56.889808092
56.5866798708
56.303284931
55.993705485
55.7011078138
55.4086264178
55.1608844696
54.939787675
54.7563639648
54.5756738221
54.370057233
54.1401236932
53.9003826027
53.6696984259
53.4449680932
53.2222087774
52.969742208
52.7273828425
52.4747406723
52.2474704618
52.0306482709
51.8218314255
51.6298818834
51.4465256193
51.2603283549
51.0039811323
50.7023325466
50.4153573435
50.1332790666
49.8574087475
49.576627804
49.288380843
48.9920631611
48.723637157
48.4666881534
48.1933470599
47.8938324701
47.6209594775
47.3274476805
47.0472284599
46.783401329
46.5240060948
46.2724096723
46.0987136106
45.9356079879
45.7844661147
45.6355065846
45.5191460521
45.4481231337
45.3577902377
45.2630290015
45.1791007404
45.1121838385
45.0529536759
44.989678365
44.9172200912
44.845229272
44.7200220024
44.5930240227
44.470846016
44.3557462549
44.1510423457
44.00232037
43.865863268
43.7325190097
43.5932209074
43.4519517881
43.3354748331
43.1753709498
42.9890039645
42.8489881971
42.7370948863
42.6183990075
42.4897103962
42.3634564378
42.2322446678
42.1600090653
42.1597199795
42.1533065167
42.1444503797
42.1359280614
42.1442881384
42.1911912832
42.2094374644
42.2522119224
42.3000097237
42.3502501992
42.4346018458
42.5163432709
42.5963775666
42.6684754235
42.7241811906
42.780358615
42.8394277832
42.8678689709
42.9237186014
42.9690764336
42.9982097234
43.0297972652
43.0013773666
42.9976316046
43.0309167368
43.0637266553
43.0720082971
43.0912096157
43.1264082545
43.1820176008
43.2388881852
43.2543239581
43.3381504334
43.4151859187
43.501762885
43.6591056788
43.7974974333
43.9043404805
44.0189903608
44.1336402411
44.2487617787
44.3523837282
44.4870827279
44.6509924583
44.7681054576
44.8689939144
44.9682079365
45.0581273011
45.1554044293
45.2609520265
45.3862551146
45.4812087587
45.5969717402
45.7049359098
45.795417063
45.9009054175
45.9856926884
46.1129634356
46.2295748372
46.3345058681
46.4369942248
46.5438097804
46.6461940102
46.7820979644
46.9097314495
47.0373649346
47.1621066759
47.3321497803
47.5021928848
47.628119769
47.7407930631
47.8618920878
47.9780941862
48.1268837044
48.2707581333
48.3811128378
48.4562406885
48.5441035994
48.6129106465
48.6679027165
48.6914265635
48.7302330773
48.8085033856
48.838091295
48.8924678124
48.932474157
48.9966829809
49.0457351872
49.1119150282
49.1503078889
49.2050928394
49.2594061326
49.3141910831
49.3718677775
49.4416342706
49.5240885631
49.6041001813
49.6821407826
49.7586594364
49.821220736
49.8786853611
49.9430396491
50.0307194362
50.1134414117
50.1961633872
50.2880979102
50.3640894131
50.4304949082
50.4662065872
50.4770214044
50.5162640638
50.5613345181
50.6085102716
50.6438928085
50.6526452837
50.6580010607
50.705147031
50.7576274195
50.7651473341
50.7567206722
50.76941855
50.8173352603
50.8927590861
50.9706255861
51.0484920862
51.0992643629
51.1732997439
51.2641988718
51.3668912162
51.4781914048
51.5886216102
51.6993121467
51.7953177229
51.8932943161
51.9733533157
52.0382556977
52.0972042358
52.147896871
52.2010321805
52.2734513236
52.3321097896
52.349847889
52.3639289589
52.3583017251
52.343748419
52.2949939458
52.249943763
52.2338404804
52.2077856485
52.1931947003
52.1677252584
52.07899987
51.9623125144
51.8113587918
51.6198794067
51.4692694883
51.3452967021
51.2193528988
51.0855514452
50.9696791629
50.8623921371
50.7433234727
50.6159843391
50.4727756729
50.3499419233
50.2339827446
50.1169883676
49.9640315921
49.8164309541
49.6905241294
49.5834556251
49.4883508705
49.370729649
49.224554536
49.0842072179
48.9437436244
48.8139821644
48.6638457877
48.513709411
48.3493371435
48.1656584548
47.9778264061
47.7990512712
47.6060402455
47.4130292198
47.2139184903
47.0046925355
46.8290088926
46.6415320332
46.45885403
46.2570597405
46.1033832649
45.982828344
45.8328597979
45.6751795349
45.5398452056
45.4404911757
45.3173837361
45.1755708824
45.0559336589
44.9208497247
44.8109164259
44.7749342103
44.7674976916
44.7747063312
44.7908487599
44.7817193457
44.7955418045
44.8118069376
44.8184611971
44.8260246057
44.8502665793
44.8799907397
44.9259218078
44.97579491
44.9971569085
45.0067256905
45.0264016765
45.0422208847
45.0445513248
45.0224269756
45.0133539026
44.9719457198
44.9256339832
44.9216875588
44.9119133396
44.9017837385
44.8990154574
44.8928837752
44.8862804358
44.8939129872
44.924428965
44.9627553325
45.0251640854
45.0993660548
45.1351412318
45.1880440435
45.2434011071
45.2716413599
45.3476256501
45.4099504043
45.4860570267
45.5524842054
45.6044903113
45.6964416428
45.8069674071
45.9036242402
46.0030565419
46.1284245964
46.247964856
46.3515620955
46.4387672452
46.512636072
46.5804347795
46.6655673508
46.7278823311
46.8079086759
46.8837932384
46.9178876075
46.9515103194
46.9883409912
47.0448799667
47.0787060489
47.0961364848
47.1083843874
47.1264716625
47.1444246555
47.1830066791
47.1903941024
47.1995722357
47.2144403254
47.2288367579
47.2272901702
47.2270414443
47.2226393585
47.2105827343
47.2011750134
47.1941803613
47.2015952042
47.2361188365
47.2706424689
47.2941381704
47.3155562265
47.3274567636
47.3235569621
47.3365209076
47.3879116455
47.4140385618
47.4377228038
47.4760920063
47.4814021318
47.495784263
47.5126090685
47.5292844577
47.5591489617
47.5826105521
47.6168887473
47.6531379596
47.6825126011
47.6893299829
47.6958834771
47.7081269275
47.7620262893
47.8153814652
47.8509426979
47.8902867958
47.9147754002
47.9417066789
47.9873268616
48.0055270238
48.0131483249
48.013079068
48.0026989324
48.0257222459
48.0538196463
48.1007553671
48.1289610215
48.1634661278
48.2020163402
48.2704995368
48.3214567727
48.3388942841
48.375170116
48.4376420319
48.5152307633
48.5827369639
48.6015603876
48.6314991414
48.6823140747
48.7093836195
48.7180754913
48.7158476863
48.6920488145
48.6710988987
48.6610331201
48.6436959753
48.6094950835
48.580422537
48.59732924
48.563860493
48.488286765
48.4503861214
48.4103031349
48.3533528449
48.3157125326
48.2976818512
48.2512878348
48.1876614863
48.1200931037
48.0362489067
47.9805784382
47.9293005441
47.8587126724
47.7688148231
47.6969145917
47.6621182811
47.6051498544
47.585382855
47.5562835186
47.5053099057
47.480049184
47.4653673235
47.4960491052
47.5112337582
47.5240920122
47.5161444852
47.4807769376
47.4751638309
47.4715217412
47.4608557066
47.4303046179
47.4078278063
47.444595146
47.484870099
47.4969779509
47.5066431287
47.5305441972
47.5715729003
47.6008083869
47.6081470093
47.633852295
47.6802552237
47.7188593404
47.7900624548
47.8821700229
47.9427546495
47.9937468953
48.0713842947
48.1497327214
48.204148179
48.3094107438
48.4538865457
48.5606892632
48.6674919807
48.7911620016
48.8898320886
48.9546415618
49.0473427128
49.1631155686
49.2706063776
49.3925280331
49.5169039406
49.6356518016
49.789181003
49.9422385473
50.0705074836
50.1794664423
50.2820073955
50.3850200058
50.4949222789
50.6039038252
50.7187423044
50.8225528529
50.9075286374
51.0096320564
51.1001633588
51.2305087407
51.3114329208
51.3632597634
51.4667430274
51.572739255
51.6966495198
51.8777157033
52.0085291833
52.099079136
52.1871717656
52.2924967273
52.4130984007
52.5369473561
52.6435485829
52.7345441224
52.8728346297
52.9786604216
53.1032047022
53.2500949165
53.3475223862
53.4613419457
53.6181987486
53.7643569745
53.910745947
54.0434967351
54.1610909056
54.2746906714
54.4213495143
54.5680083571
54.6987241798
54.8279406426
54.9799897884
55.116095914
55.24439165
55.3846475793
55.5184780074
55.6562912624
55.7941045174
55.9022105187
56.008345503
56.1086446711
56.2113865134
56.3481348294
56.4848831453
56.5942114406
56.7263347393
56.8759875552
57.039110976
57.1826307907
57.3151226746
57.4365866277
57.551307156
57.7296847769
57.9183249712
58.0410728534
58.137061546
58.2518885591
58.315365885
58.4027877578
58.508710954
58.5835279704
58.6389303115
58.720418256
58.811343235
58.9195159426
59.0269022477
59.0805906714
59.1789709625
59.2842258245
59.3345473329
59.4136305024
59.5133408984
59.5888488151
59.6280352385
59.6616231999
59.7079286188
59.7718333296
59.8279392285
59.8509860504
59.8740328724
59.9139434413
59.93791099
59.9459355186
59.9922490011
60.0157448927
60.0375336548
60.0597940742
60.0894979235
60.1503835206
60.1952439875
60.2425471287
60.3202571506
60.393081824
60.4387896866
60.4788075929
60.539355857
60.5979331041
60.6507776071
60.6852364156
60.7195905266
60.7692213492
60.8035754602
60.8492980132
60.9189294171
60.988560821
61.0719564585
61.1599771131
61.2267167732
61.2933401579
61.3663750673
61.4388262468
61.5717383929
61.7112465732
61.8093924386
61.886308053
61.984990968
62.1069556357
62.2302491301
62.3149721483
62.3418262905
62.3962445092
62.4615824048
62.5044400845
62.5641650677
62.6606570573
62.7236067349
62.7796667498
62.8487554533
62.9117444531
62.9984717706
63.0896274283
63.1846823321
63.2952085989
63.4278858436
63.5382171546
63.6689233823
63.8115275241
63.9480615466
64.0611255383
64.1238176364
64.2126173953
64.307244949
64.3845165202
64.4606611354
64.5257697985
64.5998810754
64.6996005037
64.7789450153
64.8562118815
64.9270758341
64.9824176803
65.0448287485
65.1225165283
65.1883642089
65.2434871685
65.2847411969
65.3403358137
65.3959304305
65.4233513187
65.4397442761
65.4916717536
65.5486225743
65.5807847871
65.5945577491
65.6127590512
65.6598812045
65.7029733438
65.7229783818
65.7495794541
65.8170792054
65.9132273282
66.0410439479
66.1667980563
66.3039286281
66.4266053227
66.5413156581
66.6885129184
66.8416816573
66.9896205193
67.1624938492
67.3111572041
67.4700771792
67.5992507348
67.7306066335
67.8647380006
68.0013120421
68.1403287577
68.2674475593
68.3977447362
68.5298326233
68.6801673419
68.8351270777
68.9847306758
69.1295618663
69.2784343441
69.4387918437
69.5953650285
69.7401093875
69.8788999025
70.0018504694
70.155283157
70.3361358651
70.4966136565
70.659062465
70.8215112735
70.9496503986
71.0916584548
71.2276079695
71.3615864672
71.5310849214
71.7033292596
71.8521253202
72.0118410575
72.1571830656
72.31147729
72.4382676507
72.5462196911
72.6487169531
72.7548712448
72.8668533312
72.9950307477
73.1475251149
73.2738459857
73.3858146905
73.5020241546
73.6060161984
73.6856394915
73.7817895345
73.8862039898
73.9828196332
74.0610721697
74.1255604728
74.1753638154
74.2638578381
74.3415878176
74.3943913506
74.4447522094
74.4951130682
74.5614169472
74.6163766792
74.6549443215
74.7077478545
74.7764718201
74.8292527656
74.8737516642
74.9231430646
74.9868866311
75.0639204957
75.1398924924
75.2073972602
75.2640544042
75.3349212949
75.4163670468
75.4820775481
75.5229994415
75.5639213349
75.6161612312
75.6881094311
75.7413275646
75.7752210717
75.7759210211
75.7951560811
75.7685854262
75.7534917717
75.7749799418
75.8039341293
75.8559638403
75.9126185685
75.9485942702
75.9957179967
76.0350429113
76.0334983593
76.0332119093
76.0325700773
76.0323999026
76.0219650862
76.0217325901
76.0407557717
76.102640628
76.1563892973
76.2096663094
76.2460795746
76.2986997475
76.3513199204
76.364451433
76.3881356628
76.400780384
76.4134251052
76.4260698264
76.4227715275
76.4337091193
76.4615104581
76.4760192205
76.4741358932
76.4877239288
76.509122354
76.5251566203
76.5259405812
76.5134568315
76.498037031
76.4713138764
76.4414627861
76.3912367791
76.3185339969
76.2730957942
76.2238300287
76.1774560072
76.0960256649
75.9789404424
75.8797692571
75.8077215101
75.763963767
75.7241888508
75.7277769753
75.71818097
75.7026311208
75.6934841851
75.6825465394
75.6772073557
75.678877403
75.6795367696
75.6669075518
75.6457147649
75.6042814997
75.5474706441
75.4827447013
75.4139816738
75.3645286239
75.3236030157
75.2115187113
75.1326822224
75.0469711626
75.0007277161
74.9111947162
74.8334549329
74.8171416438
74.8262773583
74.854929584
74.8835818096
74.9122340353
74.937465045
75.0343193905
75.0971823544
75.2000877458
75.3029931372
75.4058985286
75.5088039199
75.6117093113
75.7085724357
75.8375380345
75.9687402348
76.1152191467
76.2945119386
76.4439420356
76.6052700467
76.7530977119
76.9295415477
77.1035652969
77.3141708706
77.5347691768
77.7483731228
77.9561492739
78.1661077681
78.3593761194
78.5449719197
78.7195644624
78.8860353844
79.0786908126
79.2790907948
79.4793745018
79.6741558331
79.8736521355
80.0884080394
80.3443265099
80.6233560436
80.93695687
81.2387644799
81.53527021
81.8124659625
82.0940461581
82.395779167
82.6606073309
82.924499676
83.183702192
83.4842232443
83.7643693798
84.0097341748
84.2267582224
84.4149303506
84.6356898987
84.8463422428
85.0739161487
85.2134746291
85.4191518315
85.5862859661
85.7722548648
85.971987997
86.1648314665
86.359645953
86.5940108532
86.7829581149
86.9822483943
87.2005680891
87.4020204804
87.6517394662
87.9161434125
88.1575919292
88.3913794727
88.6145765772
88.8158732612
89.033376853
89.236644554
89.4321018654
89.6217198042
89.8225115337
90.0213322462
90.2247191373
90.3892075789
90.5230796176
90.6286518787
90.7196885957
90.8165646852
90.9334748021
91.0337440758
91.0903864211
91.1389580455
91.1571917615
91.1893059864
91.2441331047
91.2936765484
91.3191966379
91.3582135591
91.375953042
91.4174459347
91.440553133
91.4645810581
91.5175656001
91.5843143757
91.6501931679
91.7286480651
91.7769697944
91.841468847
91.897490897
91.9699050367
92.0097201788
92.0470926468
92.0651586935
92.0530684169
92.047867803
92.0243040824
91.9598708951
91.9321573708
91.8889724836
91.8372058963
91.7854393089
91.7108551306
91.6211143347
91.555249695
91.4950750117
91.4682857707
91.4491726372
91.4115359708
91.3546270485
91.3287951764
91.3041776596
91.2708406042
91.2321474112
91.1937880368
91.193417963
91.1938378482
91.2190463413
91.2552792088
91.2804725677
91.2763291468
91.3027985723
91.3452145743
91.4231213178
91.5033364534
91.583551589
91.6528470477
91.7245851807
91.8012303816
91.8230602147
91.8804210113
91.9213897182
91.9795036943
92.0217397383
92.0761882855
92.1159518722
92.147398965
92.1763918059
92.2184017577
92.2543415902
92.293068469
92.3129605839
92.3352953729
92.3614803123
92.3876652516
92.4138501909
92.4322247407
92.4660555613
92.5110094291
92.5369328795
92.5608378596
92.6178231077
92.6559700353
92.6777213168
92.7169556148
92.7474703741
92.7697146644
92.7658005502
92.7618864361
92.7642717739
92.826810412
92.8729720524
92.9275302109
92.9840593865
93.0479157167
93.1114382282
93.1814979353
93.2483250093
93.3200556371
93.3792248088
93.4486506009
93.5428650008
93.6231073977
93.6964601318
93.750057375
93.8074706032
93.8679904154
93.9363090394
94.0335812092
94.1167337636
94.2480910027
94.3569242475
94.4908806984
94.5932708073
94.7066352946
94.7854413451
94.8720577852
94.9458259998
95.0139042581
95.0665111534
95.1053538152
95.1285756978
95.1726033614
95.214660008
95.2516310322
95.2910447305
95.3377936049
95.4111876329
95.471281589
95.5174840263
95.5665313249
95.624366967
95.6413235293
95.6946082453
95.7505067393
95.8118560831
95.8927974552
95.9856663259
96.0809552833
96.1739358486
96.2422422773
96.2584545488
96.271089815
96.2589329169
96.2465957119
96.259539963
96.2664761124
96.2596515846
96.234126575
96.1853087608
96.1694273192
96.1354904456
96.0828350833
96.0360190935
95.9688281871
95.8878730471
95.8032397607
95.7237703592
95.640655506
95.528587107
95.4423756551
95.3414792429
95.2464106254
95.1326217153
95.025117691
94.938607853
94.8482412371
94.7251377852
94.6249897627
94.5407847604
94.4680793461
94.420993661
94.3734478965
94.3206184575
94.220044981
94.0945334803
93.9675226198
93.8766854839
93.7807778176
93.688998838
93.6126186927
93.4959605274
93.4060522134
93.3129147804
93.1998448398
93.0704004441
92.9148368097
92.747951616
92.5668305316
92.3842100873
92.2345144379
92.100885081
91.9739862389
91.870419893
91.7633459337
91.6380891746
91.5128228022
91.3857657196
91.2580991414
91.1496047023
91.0644181597
90.9504601823
90.8539481412
90.7650970735
90.6679639589
90.5772337579
90.5007394477
90.4328268377
90.3445575162
90.2521348347
90.1437691331
90.0407937344
89.9378183358
89.8382214301
89.7240889804
89.6180927176
89.4840571647
89.3668773374
89.2583994142
89.1336969486
89.0089944829
88.8727924292
88.7473349274
88.6139233523
88.4833527774
88.3833583831
88.2933129428
88.2027958453
88.0846902797
87.9115019444
87.7738698166
87.6309460585
87.5210587899
87.3854621865
87.2711465777
87.1592736432
87.0735742051
86.9648866429
86.832460763
86.7004949625
86.5764716576
86.4383728881
86.3027167928
86.1839884761
86.044685125
85.9412280535
85.8455813717
85.7392099688
85.6323669088
85.5259955059
85.4329166794
85.3357091661
85.2375809259
85.14189536
85.02752089
84.9278716025
84.8603898777
84.7869427311
84.7163873283
84.6646666896
84.605147239
84.5444255394
84.4968879695
84.4410799306
84.3818933986
84.323489755
84.2384409577
84.1703739352
84.0912789819
84.0555253818
84.0364679814
84.0243002437
84.0121325061
83.993307741
84.0066505385
84.034700884
84.0794474291
84.1307829699
84.1980650872
84.2742958643
84.4004384557
84.4939169614
84.5976959844
84.6936761955
84.7794033428
84.8794057029
84.9794080631
85.0960889883
85.25488643
85.4429043762
85.6589551414
85.8791416319
86.1236450732
86.3627843556
86.613821552
86.8587886291
87.0897837032
87.3129683876
87.5155142677
87.718531805
87.9173959822
88.0942254569
88.2600234865
88.4187975712
88.6030206595
88.7987433358
88.9765554571
89.1738451034
89.336219127
89.5035002186
89.6662035538
89.8339844901
89.9812376112
90.1019798608
90.216956101
90.339731153
90.4781038287
90.6455643323
90.8011171479
90.9561983064
91.0846117236
91.1937187196
91.28046469
91.3603209975
91.4182804409
91.4662507082
91.4972638739
91.5301220075
91.6058026179
91.683947212
91.7314750988
91.7704097078
91.8268124625
91.8706651465
91.9227882995
91.971526332
91.9957360877
92.0199458434
92.0176779929
91.9999387794
91.9598536322
91.9042971221
91.8410760822
91.7506317814
91.6703751691
91.5637868104
91.4567267945
91.3423396239
91.2304460275
91.1144026274
90.9983592274
90.8884402044
90.7801809673
90.7063656956
90.6430704466
90.569218924
90.4948957441
90.4078375041
90.3078947876
90.2341255675
90.1660578815
90.0861758622
90.0090150535
89.9859194191
89.9574862955
89.9430896504
89.9372862832
89.9399560999
89.9343554476
89.940536434
89.9491600947
89.9384999217
89.9508243164
89.978620074
90.0088771542
90.0499080514
90.1101177803
90.1730487199
90.2346063489
90.2629770477
90.2734088436
90.2986341161
90.3298132326
90.3507392852
90.3743865486
90.398033812
90.4275088701
90.4569839283
90.4873797134
90.5332287303
90.5807848765
90.6525435022
90.7287340244
90.8066352324
90.8829340086
90.9363643973
91.0248460711
91.1222251327
91.2272867308
91.3512701878
91.4796673361
91.6085361417
91.7491981637
91.888334682
91.9899063698
92.1135750393
92.2119029592
92.3483756208
92.4751869697
92.5869911173
92.7175099349
92.8231599646
92.9536787822
93.078369805
93.186668738
93.2992797359
93.4118907337
93.5082259171
93.5941168995
93.6858356768
93.7695443162
93.8513982139
93.9579146704
94.0622523404
94.1665900103
94.2694021765
94.3755305565
94.458497278
94.5414639995
94.6239590638
94.6992648119
94.7826806031
94.8852358387
94.9818372304
95.0762562791
95.1748286878
95.2475359105
95.3533234012
95.4862277027
95.6182112774
95.7509661627
95.8815422614
96.0001546104
96.1140747317
96.2157053059
96.3057673199
96.4477348056
96.5708755486
96.6855905611
96.7815835285
96.8913914729
96.98039008
97.0848636064
97.1705495559
97.2422319878
97.3513383225
97.4536487349
97.5338081694
97.6139676039
97.6980294629
97.7742809322
97.8322893888
97.9238172653
97.9837967389
98.0736863927
98.1516534801
98.2416594092
98.2932385459
98.3677769308
98.4527595166
98.5397131195
98.6149801342
98.7039998047
98.7871916804
98.8664415221
98.9476623808
99.0271761101
99.1144966726
99.1839031979
99.2692527434
99.3546022888
99.4618486984
99.5425958142
99.6221285747
99.7021329924
99.7742125491
99.847162089
99.9518046099
100.007423842
100.054761028
100.100391085
100.154602841
100.209286255
100.267651372
100.323362488
100.368824097
100.411839476
100.422240764
100.432642053
100.437089498
100.46851145
100.481095082
100.506827078
100.516612497
100.55025958
100.583700434
100.618057083
100.618145231
100.676753038
100.696744446
100.739358489
100.767736641
100.81206137
100.8182921
100.872869893
100.9033653
100.945783274
100.962042791
101.008922266
101.059371372
101.094020139
101.12669789
101.173244571
101.19168643
101.224364181
101.252587447
101.286975883
101.329025292
101.339188661
101.391019477
101.427378931
101.477974274
101.491987794
101.523918907
101.539906999
101.567278931
101.614155491
101.661836503
101.713087145
101.788079619
101.832444112
101.901333326
101.961640839
102.015522852
102.062069688
102.119341245
102.203580197
102.293447196
102.401231788
102.50416028
102.590908443
102.659539265
102.742843469
102.833544759
102.924246049
102.985081088
103.073285404
103.123033747
103.23599749
103.321069556
103.406613279
103.505921235
103.619465082
103.708926166
103.807455699
103.881971491
103.956371007
104.013059159
104.106122907
104.214008986
104.301077707
104.389645787
104.464344936
104.530567082
104.633371053
104.70402154
104.799015121
104.885872516
104.97272991
105.076001982
105.147124126
105.225910799
105.282325395
105.369222111
105.440175808
105.526746727
105.610043851
105.676136716
105.762126214
105.812993859
105.866315757
105.909084937
105.932693556
105.973636039
106.021004023
106.074207824
106.10076647
106.137581737
106.179493678
106.209906031
106.245174485
106.294916138
106.370581965
106.438464073
106.504167394
106.569399058
106.645186996
106.715479933
106.789447502
106.838016967
106.886586433
106.929202055
106.955610768
106.980048465
107.010651332
107.040467796
107.075463237
107.103685291
107.165561729
107.191062572
107.205119576
107.241240464
107.274918677
107.322465821
107.378961625
107.398875605
107.453574481
107.492326781
107.531079081
107.563877537
107.604340523
107.63528599
107.665902103
107.693154815
107.7269563
107.753625282
107.785317912
107.832511227
107.877771152
107.90146001
107.952814707
107.987821568
108.030920837
108.070363077
108.086643658
108.100741896
108.114840135
108.126944768
108.127572401
108.126792559
108.159083371
108.191374183
108.217561734
108.255226286
108.283558502
108.286637947
108.309023814
108.345645572
108.382738986
108.425222704
108.452235059
108.47706507
108.507848926
108.542786142
108.571412328
108.612262595
108.669355535
108.726897545
108.794558337
108.837850378
108.895378309
108.965760312
109.004097276
109.042905898
109.089513332
109.138540852
109.205182757
109.247146968
109.294134522
109.343564751
109.407530524
109.46336011
109.519189695
109.567212448
109.643126879
109.687964259
109.764458863
109.837574669
109.877210665
109.889486163
109.946631588
110.001835603
110.073387452
110.177110421
110.282804406
110.394326187
110.515829122
110.641274091
110.787075772
110.91862647
111.05800265
111.164779832
111.271557014
111.392098429
111.485219824
111.580783893
111.702072389
111.808675925
111.901515227
111.999377872
112.089096309
112.20189027
112.307689566
112.413488861
112.544525835
112.681873838
112.78429464
112.911204398
113.038114155
113.165027426
113.295447783
113.403522205
113.513749758
113.630101689
113.7403835
113.834389496
113.958574404
114.08785782
114.246630948
114.397938058
114.546330836
114.666831936
114.797911898
114.945406537
115.086475675
115.21928891
115.368494235
115.49317484
115.613764363
115.739322972
115.92987398
116.057061112
116.200520239
116.303098322
116.406593576
116.52742779
116.647790347
116.770461296
116.891161227
117.011680852
117.155314683
117.300329319
117.4482357
117.621866507
117.779554294
117.951477971
118.109165758
118.262425205
118.439426526
118.61595619
118.787462511
118.955319823
119.118939932
119.284742689
119.455568789
119.583031848
119.714436942
119.872487189
119.999909455
120.119992989
120.23684389
120.365503099
120.517428969
120.674247341
120.828623038
120.973125835
121.126105634
121.246014778
121.355475903
121.418331261
121.489940322
121.560050024
121.64180873
121.711281445
121.806006931
121.893288986
121.986303785
122.079318584
122.174407473
122.275558459
122.355413358
122.433101007
122.525600901
122.601828799
122.694448787
122.768234011
122.836473491
122.901951996
122.957439571
123.013510876
123.062227879
123.100283932
123.107222319
123.149695755
123.14514912
123.161365479
123.163345947
123.187372695
123.229696714
123.218404629
123.233308628
123.2224882
123.24426677
123.261891979
123.281655449
123.277568833
123.330787551
123.382035253
123.423175751
123.456509415
123.505763512
123.543162113
123.584590729
123.646777938
123.693493784
123.738710271
123.786369432
123.823000661
123.877549485
123.907873242
123.978594808
124.040562669
124.118265782
124.204101525
124.291644398
124.345326656
124.408449506
124.465510258
124.536439941
124.598892621
124.65605807
124.734127973
124.78647345
124.865767289
124.945532786
125.039534174
125.117592541
125.181886675
126.821969659
126.821969659
126.721447791
126.032930149
125.470505678
126.384302951
125.048302667
125.837342177
125.81328766
126.515263571
126.539318089
126.539318089
126.124372555
125.898527207
126.296675701
127.003991187
125.864348567
126.302015275
126.056196651
126.056196651
127.4546177
127.478672218
127.478672218
126.66557819
126.66557819
